	WT at 1hr minR+Leu 0	WT at 1hr minR+Leu 1	WT at 1hr minR+Leu 2	WT at 1hr minR+Leu 3	WT at 1hr minR+Leu 4	WT at 1hr minR+Leu 5	mct1KO at 1hr minR+Leu 0	mct1KO at 1hr minR+Leu 1	mct1KO at 1hr minR+Leu 2	mct1KO at 1hr minR+Leu 3	mct1KO at 1hr minR+Leu 4	mct1KO at 1hr minR+Leu 5
Urea	3662047	2731388	4706587	5067730	2245102	3042512	155286	694882	250501	463317	198136	338455
L-Valine	717233	529692	154089	311986	485306	155745	605509	2423410	1447240	1522064	377722	1760771
Putrescine	2174582	1811636	3327904	4160877	889308	2822663	596044	860614	643413	701386	468683	638943
Methylmalonic acid	35004	26186	20832	25089	21195	19301	53413	90396	56420	67834	46989	72700
Glycine	1072903	777913	1271600	1265878	587681	742598	3581800	5711632	4510163	5366331	4196662	4463571
Malonic acid	11612	7441	0	8034	7327	7343	3281	21176	4362	9480	1734	5690
Fumaric acid	483248	738619	986833	1202432	352511	894544	497452	1264722	1126696	955209	580770	1192400
L-Alanine	2226160	2175729	1313645	1366630	1783017	1514380	3708446	4748402	3755956	4598050	3609520	5010514
Threonic acid	22385	27367	28695	40153	17059	27155	35829	59615	68062	55739	40993	51084
D-Malic acid	80555	159766	297209	304564	41499	204829	114504	246936	297868	229056	132365	282394
L-Isoleucine	1473791	1209961	1355078	1566206	873168	921520	1340038	1963657	2543008	1878630	1355765	2513537
Citric acid	88895	166991	208743	178222	51307	149877	8432	15461	13135	12345	7645	10152
L-Lysine	1421161	840220	2234529	2345728	564590	1018252	275379	313864	286825	291265	157422	191877
Xanthurenic acid	2956	3126	1063	3031	2672	4810	2426	4556	2527	4407	1122	2944
L-Glutamic acid	506934	623602	1239213	1222202	307567	638801	126585	138396	245746	139627	122923	95265
Orotic acid	734381	1107520	1204534	1161908	348200	953261	6211	34529	66034	102661	49872	23495
L-Tyrosine	214862	93138	244028	340726	147784	114333	128578	132175	144847	156200	102743	94738
Ornithine	648608	434812	943324	926470	241986	541425	5548	6426	9369	8867	4507	5509
Phosphoenolpyruvate	7240	14872	3374	6436	1997	8451	721	2417	1087	0	0	0
Thymine	19306	36081	20544	28577	12337	18592	16111	25999	14931	21740	16102	22747
Adenine	168400	227435	208426	171827	94077	134763	17514	48579	54795	45570	21642	30155
L-Aspartic acid	160495	198723	271206	359561	105021	219144	202383	369197	369250	390423	277574	357680
2-Hydroxyglutaric acid	2921	11407	36402	18319	3076	6119	9851	38267	44722	30385	19991	7047
Lanosterol	7006	10299	4166	8775	4192	2613	0	2224	1679	1744	0	2838
alpha-D-Glucosamine 1-phosphate	5129196	3699428	5836435	6738444	2118928	4087096	44266	129210	182798	15181	103512	91983
L-Asparagine	0	0	5577	0	0	1827	379	5398	0	0	355	653
methyl-beta-D-Galactopyranoside	12548	65782	28572	36064	17136	6175	0	0	7007	0	0	1521
Glycolic acid	1612341	1596523	1104645	1886041	1351463	1507420	1005434	1557575	1352229	1240555	1070005	1730776
Sorbitol	1724367	2223735	5499037	3771876	1091176	2070223	889722	1224196	1037399	1078510	806095	1039078
O-Phosphoethanolamine	3914	6537	2584	4779	2967	3795	1026	0	2647	2382	0	4284
L-Gulonic acid gamma-lactone	2560	8608	24034	20264	1248	4539	898	770	12418	0	1031	3200
Hypoxanthine	13876	0	27453	11197	14451	12895	5143	1378	5791	5853	0	2585
L-Serine	1790430	1793496	2542270	2969217	1032533	2004144	903458	1745417	1521064	1283079	831630	1355186
D-Threitol	37975	77159	285942	295407	12532	85809	32374	52992	45989	54537	29707	41344
Glycerol	17074091	8947118	6115759	9367844	5446557	17052339	4640732	18064827	5572306	6524893	6839688	9344319
Galactonic acid	13536	36276	27609	32206	21439	12669	16273	12834	23109	12339	31232	10958
Turanose	201289	360596	230595	240047	228583	85083	24329	51837	41472	38560	17825	31293
Pyroglutamic acid	986780	1422061	1500552	1737202	668785	1245979	388733	565801	511564	463080	324848	300986
Azelaic acid	129699	164643	102861	147093	90672	168797	54862	104541	66174	68234	62842	181153
Oleic acid	523627	576214	310282	723952	473956	510330	266437	315927	353019	239910	373727	1128776
N-acetyl-Lysine	56488	772697	36886	71526	26163	95240	14773	25810	13437	19860	7895	19984
Nicotinamide	1372525	1210993	1798604	2550567	805474	822333	1317571	1776816	1870155	1848032	1218505	1234094
Adenosine monophosphate	131555	672446	509114	349688	81035	253146	38786	127486	122468	199383	26702	30578
L-Ascorbic acid	5680	0	7451	6185	5478	2113	0	1750	1682	0	0	3049
Glutathione	4506	52176	0	6728	2160	5526	958	0	0	1166	987	3405
3-Phosphoglyceric acid	70873	196714	21531	35532	23762	103887	20739	36346	21023	25804	30700	18855
Trehalose	4531	95482	81983	86092	10029	17146	6261	4212	13673	38124	11465	0
Inosine 5'-monophosphate	2301	18893	12243	0	7372	14085	0	0	6103	0	1557	0
L-Leucine	305747	365122	127489	181513	180829	64356	235788	506164	350026	419034	134537	329264
Ribonic acid-gamma-lactone	9800	11279	14181	14398	5243	8342	4713	5991	5838	6318	4978	5457
D-Glucose	1509	5753	12244	15085	1075	4548	960	1264	5952	407	0	1420
Palmitic acid	1224892	2698399	620532	1502941	2356704	1371707	311128	637900	538248	440174	580009	1987246
Ethanolamine	957886	489052	418980	293257	522410	629014	161561	215684	128869	234734	215014	612759
Stearic acid	1564440	3968142	667982	2197939	3194862	1834099	199265	392246	348646	293126	421663	2199398
Linoleic acid	3793	3754	3049	5897	0	0	1802	7319	2423	247	2557	6555
Ethanolamine	7788728	4536009	4996560	6473925	5300758	7043785	4562672	6753767	4854380	4959960	5478716	11304616
L-Methionine	108403	50325	74660	104772	45996	53034	61029	61803	95254	88936	59389	90874
"fructose-1,6-diphosphate"	95658	1031856	473878	230054	7866	441800	10559	152216	8390	96854	10651	0
Glucose 6-phosphate	91404	226507	166927	167808	24918	249476	38707	52444	20968	35181	34748	31055
L-Phenylalanine	1176218	1331680	629407	1325106	932362	936734	1070908	1247072	911945	1261043	864650	1328337
Palmitoleic acid	2195030	2504020	1464783	3431476	1786486	2087069	1338980	1465352	1774037	1152298	1782212	5218311
cis-Aconitic acid	186	0	0	0	613	98	413	0	0	541	0	0
Elaidic acid	117675	182236	35530	101023	87951	33862	35368	40303	46620	41945	58980	133730
Phosphatidyl Glycerol	1227	2663	1684	5741	0	3177	0	725	0	446	0	0
Glycerol 3-phosphate	22629	37783	34400	30742	15124	26266	7106	16338	12102	10072	7960	10246
Iminodiacetic acid	151004	34033	45799	133777	112929	170190	72999	158208	61852	98090	81569	171201
1-Octadecene	77736	69834	55968	102786	55427	71479	32425	62349	48562	22193	46682	98604
2-Hydroxybutyric acid	50124	193620	57838	324512	106001	275279	81376	234816	140112	216600	68520	272313
"1,6-anhydro-Glucose"	80949	125928	100191	109265	35868	89625	79255	86942	70761	68477	42564	71140
1-Palmitoylglycerol	113467	114299	51050	96016	120795	121196	36672	74601	51880	61816	43239	180222
Sucrose	348923	1734752	918707	1120650	222122	634444	324006	134207	817569	259418	295107	424008
Myristic acid	1685468	2515657	1124136	2140851	2050770	1847023	362911	741377	409152	604631	487500	913878
Homoserine	234364	44852	293171	299181	46159	74362	7835	52613	66495	33683	12666	56307
Heptadecanoic acid	0	11018	22694	0	0	0	0	0	0	0	9281	0
Isocitric acid	9081	43977	0	29118	31340	34806	16495	25691	27113	15305	13836	25493
Sophorose	0	0	4669	21448	17885	0	0	3405	0	14034	0	0
Eicosane	43704	231306	76060	96166	48715	32635	40759	68696	54207	62818	147570	34188
Nonanoic acid	4068799	3518891	1843666	3324135	3272982	4391772	1593682	3577845	1970158	2771923	2168825	5826604
Ribitol	35199	78545	102443	146846	36639	76637	26472	102624	53750	47017	40399	25788
L-Proline	2134224	2948065	4944074	5077818	1274935	1972060	1836067	793656	2136461	1513893	1140863	233860
Glutamine	126905	43645	589897	2396997	216206	587697	6516	215443	39210	97782	7755	7008
Ergosterol	42012	85008	25107	64506	6958	7353	22524	20682	86077	26594	42676	180897
Glyoxylic acid	147763	143266	86094	124466	109220	151237	90837	127998	100650	109286	94597	177597
Pyruvic acid	115598	60386	383234	453165	54789	71843	50168	48383	85104	42256	49176	179109
2-Ketoisocaproic acid	20172	22791	11883	26030	16903	29674	3814	32999	4556	13064	6455	17699
D-Ribose-5-phosphate	14233	45063	27321	20952	18033	26474	26057	17442	13869	23526	30660	32743
Guanine	9340	11056	85334	98222	4868	9991	2100	4890	4890	6973	763	3019
Beta-Glycerophosphoric acid	0	0	146	0	0	0	0	0	0	0	0	459
Nitrous Oxide	5065750	5349616	1448401	7095974	5186378	9332482	2974928	9564589	139447	5595032	3775878	6307845
Cellobiose	23751	76934	0	76015	0	98510	28728	51378	24848	7589	21623	28073
Capric acid	111741	118479	86548	153856	95469	136426	84744	190543	138692	108320	122929	311563
Benzoic acid	1046343	777372	587577	851388	683872	927667	393471	1002683	502101	581437	482164	1070409
D-Mannose	540922	1496705	1749246	2294451	105372	1135616	764053	733953	707164	650234	377168	523794
Heptanoic acid	1481270	1430229	547253	971961	1139129	1631248	676946	2070811	1027277	1093732	927156	3219178
L-Lactic acid	405503	398771	230606	395572	329943	498595	336471	878948	794020	828039	577959	883382
Sedoheptulose 7-phosphate	56028	86499	121942	129202	22418	97871	38916	54098	34034	46416	31725	38953
L-Threonine	224838	273865	250694	199925	147972	33990	91894	279147	334656	241404	54359	318093
Adenosine	21493	32125	385985	540057	20452	26140	21709	31270	32715	23029	26379	55051
1-Steroylglycerol	628294	907980	401099	692626	552084	828349	262692	437550	325715	398276	279890	975043
Phosphate	6184967	10056137	9556740	10673854	3420313	6218115	5427316	6759463	5594935	5940262	5412864	4437280
Arachidic acid	19054	24435	13323	20115	14840	7033	4253	8328	0	4636	5853	17360
Allantoin	0	0	0	1243	0	548	2201	0	1239	0	1325	0
Unknown acid	1161938	674404	463379	266997	808778	3768230	308104	934438	757994	619048	474328	512980
Uracil	757862	945202	856793	1189398	725671	630696	851157	1211604	1654923	1413630	1021283	1426243
Cystathionine	114907	15061	145754	129652	31497	137315	2040	6065	22160	5846	40624	68491
4-Hydroxyproline	83739	128038	77144	119867	85515	132307	18279	148926	19604	75793	17322	44593
1-Monomyristin	22304	23877	10138	21774	23587	27561	9220	15425	12598	14545	10845	37733
Fructose-6-phosphate	243292	668187	554455	650805	54969	778723	114141	156229	54024	101943	87581	49897
Pyrophosphate	84644	1013957	123511	121627	36157	234477	14393	16553	29213	30204	12295	20012
N-acetyl-L-aspartic acid 1	0	2040	2231	5554	1423	2466	346	0	0	258	2050	3717
D-Fructose	6515034	30678092	30712291	39940847	515835	26776846	5190760	4206307	5758683	2248584	1530372	3170918
Beta-Hydroxyisovaleric acid	14146	23071	14632	25922	11696	34060	4994	13263	0	9693	6632	9265
Myoinositol	1314505	1904670	1294338	1818587	920089	1235627	978122	1170873	1011893	1021094	1073913	1089487
2-Steroylglycerol	2113	0	0	0	0	0	0	708	0	0	0	0
Succinic acid	2097893	2373943	3157559	4020073	1266937	2341076	1220656	2074666	2802612	2386484	2065979	2193117
2-Monopalmitoylglycerol	701	1595	1874	2595	0	0	790	0	843	0	0	0
Lauric Acid	299633	396195	270466	419822	280738	271290	195559	407362	318604	261140	312365	463189
L-Sorbose	18263	35851	23766	35928	6796	26546	24805	22363	22540	16621	17006	20632
Inositol phosphate	987107	1459835	601589	771340	772588	831209	197228	528158	396800	328880	355672	1347992
Inosine	6967	9203	17200	22630	2314	8939	3648	4294	4973	5463	2625	5571
Adipic acid	15156	9310	13142	10480	8594	6772	8215	11270	13369	7335	8685	20379
Beta-Alanine	6447	4544	8252	9680	2899	9702	3527	7338	4869	3608	3575	6955
Arachidonic Acid	0	1971	617	0	2571	3667	0	1650	2047	0	0	4003
												
												
												
												
												
												
												
max												
min												
ratio												
