	WT_15min_1	WT_15min_2	WT_15min_3	WT_15min_4	WT_15min_5	WT_15min_6	mct1_15min_1	mct1_15min_2	mct1_15min_3	mct1_15min_4	mct1_15min_5	mct1_15min_6
 D-Glucose	11175	24743	3224	2042	5125	2059	18382	6055	23522	65211	11414	15840
 Glucose 6-phosphate	86841	162437	41945	24040	149746	98501	67941	66191	80945	48363	64967	70705
 Fructose-6-phosphate 	314081	475973	141592	102373	358076	319651	125287	131602	183768	101657	156354	171975
" fructose-1,6-diphosphate"	327233	556055	129517	127561	357463	319148	223306	180095	385943	48923	128871	251405
 3-Phosphoglyceric acid 	159075	203374	28872	15000	140105	117912	44116	42512	28395	9429	41799	42361
 Phosphoenolpyruvate 	6762	9777	786	1082	4197	6110	2087	1041	1761	1827	4312	3138
 Pyruvic acid 	364854	290093	356690	535342	127635	88883	172428	90826	113442	742426	52754	61658
 L-Lactic acid 	318088	238690	183827	322092	463961	378453	398521	494437	345884	539727	478166	286895
 Citric acid 	52766	84123	21988	15680	51934	51159	12916	11747	16122	13270	12734	15544
 cis-Aconitic acid	0	283	0	339	1280	0	0	0	1569	599	0	0
 Isocitric acid 	57222	15226	30953	26437	36247	60821	22219	29196	20221	22663	28409	16907
 Succinic acid 	1933764	1721017	2220648	2288026	1677155	1274783	1509600	1571234	2415298	2304031	2179323	1591099
 Fumaric acid 	223908	181565	168363	178134	178619	150939	364299	371392	367706	454371	348643	262164
 D-Malic acid 	6965	14018	8593	5593	8783	5160	49183	36224	69198	52520	48591	43429
 D-Ribose-5-phosphate	43551	42873	45976	38301	46276	25246	22569	15953	29731	21948	20442	26690
 Glycine 	1156676	806636	1320660	1459961	1076575	835068	5874662	6887993	7445520	7100222	6783362	5698346
 L-Alanine	2366167	2304684	2604481	1937903	2264515	1298838	3586546	3842548	3597665	3846349	3838739	3197445
 L-Valine	815685	885207	777147	911809	932613	690318	1313897	1112715	1095488	1277621	813824	1218420
 L-Leucine	943856	1465164	900726	864796	1150160	669834	1195428	886722	891237	932138	663001	1131745
 L-Isoleucine	1137136	1343119	1549154	1111398	1071193	783886	1670140	1485532	1749804	1430991	1452721	1372925
 L-Proline	4138699	4080331	5293162	3968203	2752404	1876454	4149494	3253312	4197044	2844427	3282579	3695675
 L-Phenylalanine	1812808	2294573	3680990	2096167	1745376	1317583	749084	639672	1199377	858841	811723	732175
 L-Tyrosine	1620397	2911081	2140208	473570	644810	448375	661143	406456	499418	680883	341312	579618
 L-Tyrosine	141282	57743	199284	264966	241738	130384	3335	17935	46905	15035	40181	9376
 L-Serine	2029937	1931339	2791568	2255091	1552279	1401123	1179194	1071750	1114017	904681	980794	910498
 L-Threonine	923979	497707	399111	962073	779127	537701	168893	203158	409719	346784	294686	307795
 L-Methionine	157436	148977	227234	140927	74486	75900	184532	122899	160463	151152	130891	125294
 L-Asparagine	0	1081	0	2169	2380	834	734	0	2497	0	186	2152
 Glutamine	32369	18288	17168	81214	32062	25638	5789	8114	9912	5426	9148	4718
 L-Aspartic acid	441411	599145	980612	616169	487284	357609	93869	71024	340684	235502	138201	102551
 L-Glutamic acid	341572	271341	651849	431979	211252	145243	25610	59050	114640	37313	70433	36577
 L-Lysine	1285682	686904	3477050	2692818	930794	613215	1841	50316	77760	0	106556	4150
 Pyroglutamic acid 	1456938	1405597	1376185	1505215	1266273	964237	785919	919786	1028299	863538	884941	745399
 Ornithine 	553097	80764	953126	770283	304174	274245	0	3309	2445	0	4716	391
 Beta-Alanine 	7853	6045	11178	7359	9256	4798	3462	6044	7665	5862	7219	5450
 L-Threonine	519909	480481	574310	524851	446834	295802	259612	230474	330925	265139	186399	220699
 Iminodiacetic acid	123002	46475	60151	114499	206116	163694	58937	160391	87889	96782	152225	55465
 4-Hydroxyproline	175842	166881	99674	116896	201375	162283	147337	153487	137632	181510	142733	102591
 D-Fructose	20025205	22318206	10428949	7514229	15388171	7112478	23985678	22173181	18561511	31130941	20418815	21561749
 D-Mannose	2322754	3122279	1285544	1009317	1492426	925621	2858611	2447117	2114843	2783463	2112479	2632690
 Sorbitol 	2639323	2809574	3305069	2003463	2128685	1539839	1190916	1481119	2279689	2625487	1308713	1415285
 Ribitol 	49239	43442	26134	23610	68903	33573	28763	18935	40967	29607	32956	32309
 Myoinositol 	4912444	4778203	5896594	4762739	4184814	2839932	3282415	3294008	2494089	2374634	2662146	2823269
 Inositol phosphate	1400187	1785286	1939269	587443	1055616	854625	398047	479178	829013	573267	311764	334950
 Sedoheptulose 7-phosphate 	61185	78557	59898	40968	48193	59533	38062	44955	54123	39298	35026	33897
 alpha-D-Glucosamine 1-phosphate 	4009765	836767	1898092	3801504	3671351	3131394	40580	113222	103769	25904	108422	33909
 Galactonic acid	16968	17541	21310	36640	32698	26672	10181	10083	9658	8885	6622	8974
 Cellobiose	30477	41617	0	0	0	0	0	0	21995	20868	4921	32747
 L-Sorbose	62993	92600	60455	45089	42932	25564	63666	57333	42568	68269	58652	45992
 D-Threitol 	115224	155728	183195	196399	111902	74524	84170	75310	143029	198037	72436	79059
 Threonic acid 	19121	20773	24467	26726	23329	14730	18779	17752	22853	27438	18988	15922
 Nonanoic acid 	2865948	2866227	2293469	2851724	4191487	3565603	3292883	4164593	2778397	3798319	3748267	2364218
 Capric acid 	91143	74084	131125	131514	147285	86630	100919	174634	90740	113636	122496	78011
 Myristic acid 	1666389	715803	875804	1686982	1558865	2130092	679256	989065	480833	788527	874351	539361
 Palmitoleic acid 	2420087	2309731	6439667	2692257	3308562	1541412	1379568	2423686	1346775	2055537	1650096	891239
 Palmitic acid 	1364149	1168520	1849815	896057	1086807	1451020	214379	356585	324390	407765	247653	175020
 Linoleic acid 	4313	3108	9474	3240	3909	2606	3234	2269	1440	1623	2022	0
 Oleic acid 	488883	538628	1359685	479442	764998	361951	271581	490077	294976	416623	354274	176018
 Elaidic acid 	95197	73460	97070	58104	114148	51392	50951	73903	24510	81499	38064	28679
 Stearic acid 	1152252	1192176	1892719	594738	792950	1314987	168706	277349	345353	345793	174672	136230
 Arachidic acid 	20440	28662	29480	9931	12956	19104	6443	4105	10794	9938	3671	4374
 Arachidonic Acid	1452	2907	610	0	3338	0	0	0	768	1831	0	310
 Malonic acid	7702	4603	5375	5258	9403	0	3884	11490	6505	0	2497	7207
 Unknown acid 	745617	674028	267792	843590	1660700	856339	1542826	1487562	1136396	1535706	1188127	1337265
 Heptadecanoic acid 	0	0	0	0	0	0	0	11993	0	0	0	0
 1-Monomyristin	15754	18144	16904	14616	27146	15118	11213	20369	14606	18442	17775	8425
 2-Monopalmitoylglycerol	2595	1215	4631	0	0	0	0	0	1156	1414	672	0
 1-Palmitoylglycerol	62482	66917	81109	67036	101322	78084	58290	100218	58854	82496	85456	42500
 2-Steroylglycerol	0	845	0	360	1444	0	0	2565	0	0	0	0
 1-Steroylglycerol 	565153	642805	726386	491478	674951	601718	392095	584985	451353	604668	493651	324715
 Glycerol 	7021319	3825838	2884711	6272710	10321147	8370474	8990640	20407158	4896683	12004548	10583387	7260972
 Glycerol 3-phosphate 	30875	42726	42929	28070	35032	20403	17611	21112	17854	16071	14848	15644
 Beta-Glycerophosphoric acid 	222	114	184	0	280	0	151	211	260	301	321	181
 O-Phosphoethanolamine 	5572	8113	6267	2383	4507	3086	1481	0	3612	3607	1257	1952
 Ethanolamine 	1639304	1429090	1276603	1500367	2719488	1880530	2232823	2592441	1498917	2002399	2411966	1674194
 Phosphate 	16935131	20107571	14147384	10498963	10586527	7038431	14969044	13437846	15086723	13985729	11637495	14241632
 Pyrophosphate 	254235	592660	47435	36306	126929	90934	328059	72319	95112	228525	76802	192794
 Hypoxanthine	60767	27741	31937	45048	13344	14975	2519	11200	12854	7358	10932	13532
 Adenosine 	26669	12308	119433	498094	19553	11411	19812	30218	27673	287970	26420	18012
 Inosine 	8262	6064	10373	8622	4328	3244	12890	14324	5198	6084	6533	6849
 Adenine 	221238	207608	217586	200623	132923	122867	47275	73631	103176	69481	63848	70308
 Thymine 	53514	61511	59233	70426	47319	27079	35802	36255	41878	50588	37731	44544
 Adenosine monophosphate	861777	488612	366895	530741	263325	311625	167200	132746	656957	359235	104779	208983
 Inosine 5'-monophosphate 	14949	10725	14752	8258	0	7753	2084	15931	1449	1425	1130	7998
 Urea 	3751203	1567132	896817	3649746	2373245	2357472	437265	692136	382257	758426	410493	436484
 Glutathione 	112088	102730	12388	12428	32732	43987	29075	14042	38078	33847	14169	25021
 L-Ascorbic acid 	0	8506	1655	3016	4077	153	3440	2467	7595	22707	0	5170
 Allantoin	0	788	995	297	442	1297	0	481	1784	2008	1705	1673
 2-Hydroxyglutaric acid	451	0	614	0	259	767	2269	3122	5557	5056	2564	1268
 2-Hydroxybutyric acid 	643804	345760	261240	457996	673669	593896	533306	866346	291290	684792	579602	306314
 Glycolic acid 	1110846	1068716	818334	1218051	1230047	1052341	1054963	1234896	927679	1138270	975434	1030339
 Putrescine 	4707074	2030642	2586838	2099470	3423466	2661102	479232	1935952	1027738	462622	1425565	506827
 Xanthurenic acid 	3126	4934	4083	5273	0	3266	6660	2784	4187	5043	2525	4523
" 1,6-anhydro-Glucose "	181110	249246	154563	132949	153814	125511	239328	238909	164923	246632	151136	220432
 1-Octadecene 	69164	55407	34630	33858	82936	59748	24097	32918	26420	27752	52936	44292
 2-Ketoisocaproic acid	37403	35074	15028	26980	60572	34174	55626	78176	21037	57484	42261	33066
 Adipic acid 	15988	18281	45872	17213	12022	11916	5393	9729	13528	9426	17552	18549
 Azelaic acid 	96682	182702	82903	82350	115849	66346	67175	99413	73536	97966	61640	68795
 Benzoic acid 	912996	636104	434089	711337	1055401	914463	777217	1140001	702751	882037	841428	559053
 Beta-Hydroxyisovaleric acid	18606	7940	2183	19980	20669	13976	15995	11523	5568	9927	15975	13029
 Cystathionine 	34543	3688	8378	17997	34151	22782	9551	33888	12829	30103	25057	16101
 Eicosane 	41448	54795	22103	57226	92429	94796	31202	43355	27387	20592	36369	21754
 Ergosterol 	101320	59816	220872	41301	48418	86566	21381	22877	40556	43269	18378	10668
 Ethanolamine	7237774	5025437	5467808	6490624	9672786	6749785	7849500	10473133	6443752	8257802	9288048	6391786
 Glutamic acid 	4844	883	3290	6226	4253	5529	670	3554	1059	1331	2844	0
 Glyoxylic acid 	295384	270273	201400	262016	541198	375202	325439	457109	274732	438261	356253	253239
 Guanine	16293	0	53684	113992	10013	10988	2243	6421	13249	29098	4010	3333
 Heptanoic acid	759471	1394091	621653	752272	1171445	1049384	928259	1558617	1072563	1074349	1022786	714921
 Homoserine	276290	672192	342615	275645	432533	267604	338112	232550	192900	172682	172303	263761
 Lanosterol	9718	9199	14106	3574	5452	6320	0	1913	3205	2498	2023	946
 Lauric Acid 	227645	115772	253116	332326	362925	226641	150087	257939	121323	162449	174102	116986
 L-Gulonic acid gamma-lactone 	18076	35601	3881	2375	5761	2921	34468	11751	39177	101195	12456	29249
 methyl-beta-D-Galactopyranoside 	97692	127437	87815	13054	0	22093	16276	11165	0	4047	8417	7696
 Methylmalonic acid 	41515	31367	28473	45622	30659	25834	21746	33176	56659	47747	38626	30224
 N-acetyl-L-aspartic acid 1	10843	1296	7623	5439	2317	2235	1044	1389	0	0	0	0
 N-acetyl-Lysine	1122522	1466092	1029937	227123	268502	199394	128761	146351	126725	121530	72032	142775
 Nicotinamide	1885651	926305	773649	2027033	1484703	1128057	577982	1257885	1187982	907166	1218293	735848
 Nitrous Oxide 	5296526	3009964	677355	1866036	8184945	5852888	5755376	7404057	5239577	4233801	7752427	4525194
 Orotic acid	1618711	1532342	1419951	1088496	574431	760475	35788	73729	268165	212175	141408	184901
 Phosphatidyl Glycerol	374	2366	925	0	1223	0	0	1870	0	2881	621	0
 Pyrrolidonecarboxylic acid	1110243	1785775	2761477	990231	704639	608285	1948092	685278	750278	1504659	697361	1610359
 Ribonic acid-gamma-lactone	40642	76026	42262	41261	59781	31759	34702	26675	23605	24348	31154	32716
 Sophorose	22537	122718	48127	0	0	0	25854	0	0	0	0	0
 Sucrose 	1207105	3640405	785849	206722	900541	476836	2302647	1411773	1192817	2141487	894545	1826985
 Trehalose 	12287	13816	6783	0	26251	7330	15439	0	5466	0	8771	0
 Turanose	21009	27283	12775	6907	402129	14358	38399	48140	28101	25702	30251	37082
 Uracil 	1538710	1146940	1876362	2042739	895328	717716	1680734	1949661	1953497	1775597	2006310	1978825