	WT at 0hr minR+Leu 1	WT at 0hr minR+Leu 2	WT at 0hr minR+Leu 3	WT at 0hr minR+Leu 4	WT at 0hr minR+Leu 5	WT at 0hr minR+Leu 6	mct1KO at 0hr minR+Leu 1	mct1KO at 0hr minR+Leu 2	mct1KO at 0hr minR+Leu 3	mct1KO at 0hr minR+Leu 4	mct1KO at 0hr minR+Leu 5	mct1KO at 0hr minR+Leu 6	WT at 15min minR+Leu 1	WT at 15min minR+Leu 2	WT at 15min minR+Leu 3	WT at 15min minR+Leu 4	WT at 15min minR+Leu 5	WT at 15min minR+Leu 6	mct1KO at 15min minR+Leu 1	mct1KO at 15min minR+Leu 2	mct1KO at 15min minR+Leu 3	mct1KO at 15min minR+Leu 4	mct1KO at 15min minR+Leu 5	mct1KO at 15min minR+Leu 6	WT at 30min minR+Leu 1	WT at 30min minR+Leu 2	WT at 30min minR+Leu 3	WT at 30min minR+Leu 4	WT at 30min minR+Leu 5	WT at 30min minR+Leu 6	mct1KO at 30min minR+Leu 1	mct1KO at 30min minR+Leu 2	mct1KO at 30min minR+Leu 3	mct1KO at 30min minR+Leu 4	mct1KO at 30min minR+Leu 5	mct1KO at 30min minR+Leu 6	WT at 1hr minR+Leu 1	WT at 1hr minR+Leu 2	WT at 1hr minR+Leu 3	WT at 1hr minR+Leu 4	WT at 1hr minR+Leu 5	WT at 1hr minR+Leu 6	mct1KO at 1hr minR+Leu 1	mct1KO at 1hr minR+Leu 2	mct1KO at 1hr minR+Leu 3	mct1KO at 1hr minR+Leu 4	mct1KO at 1hr minR+Leu 5	mct1KO at 1hr minR+Leu 6	WT at 3hr minR+Leu 1	WT at 3hr minR+Leu 2	WT at 3hr minR+Leu 3	WT at 3hr minR+Leu 4	WT at 3hr minR+Leu 5	mct1KO at 3hr minR+Leu 1	mct1KO at 3hr minR+Leu 2	mct1KO at 3hr minR+Leu 3	mct1KO at 3hr minR+Leu 4	mct1KO at 3hr minR+Leu 5	mct1KO at 3hr minR+Leu 6
" 1,6-anhydro-Glucose "	97014	119105	119243	131025	138845	108584	171530	133744	98583	58821	175398	162189	181110	249246	154563	132949	153814	125511	239328	238909	164923	246632	151136	220432	122232	167602	115714	157215	86959	40573	76218	102692	92342	101165	95924	127147	80949	125928	100191	109265	35868	89625	79255	86942	70761	68477	42564	71140	68481	82512	169416	95525	120222	43614	118317	302892	112271	146658	165178
 1-Monomyristin	36431	27270	35841	38193	12635	39636	14071	25722	22286	32334	28701	21800	15754	18144	16904	14616	27146	15118	11213	20369	14606	18442	17775	8425	32471	18995	40595	45308	46324	41491	20733	17401	23351	38902	16544	17379	22304	23877	10138	21774	23587	27561	9220	15425	12598	14545	10845	37733	27924	61754	16849	32558	28920	56887	15894	21500	21971	23875	37443
 1-Octadecene 	78300	14498	93635	73186	21889	70467	25577	38178	41217	38186	21409	20569	69164	55407	34630	33858	82936	59748	24097	32918	26420	27752	52936	44292	144336	86159	93574	131168	122286	134619	33202	70804	52839	100712	40622	49020	77736	69834	55968	102786	55427	71479	32425	62349	48562	22193	46682	98604	79766	164501	77308	91507	88390	125321	40368	83767	67991	55945	98688
 1-Palmitoylglycerol	186576	90180	200770	111288	57840	211153	57052	74195	59249	80184	35328	41885	62482	66917	81109	67036	101322	78084	58290	100218	58854	82496	85456	42500	158738	96891	207912	219107	189725	258415	110368	75926	91217	184159	61160	66358	113467	114299	51050	96016	120795	121196	36672	74601	51880	61816	43239	180222	130119	399870	85751	155320	171113	294694	69223	80283	97251	105781	105031
 1-Steroylglycerol 	1887650	1063838	1272616	849409	495017	1481417	836165	705803	353699	480140	532313	481276	565153	642805	726386	491478	674951	601718	392095	584985	451353	604668	493651	324715	930337	707974	1180274	1261595	1125756	1356891	608026	471540	610257	1053579	467853	456640	628294	907980	401099	692626	552084	828349	262692	437550	325715	398276	279890	975043	1037273	1956813	578729	872803	894783	1667640	530795	531195	789661	692628	1215805
 2-Hydroxybutyric acid 	490522	279244	984768	577881	256257	751729	345511	381669	229027	499954	388040	260938	643804	345760	261240	457996	673669	593896	533306	866346	291290	684792	579602	306314	35268	55212	350586	371274	393696	472978	253635	263808	112839	378568	148759	62370	50124	193620	57838	324512	106001	275279	81376	234816	140112	216600	68520	272313	493665	619306	194437	282051	356588	2577395	202011	331417	711600	214816	708382
 2-Hydroxyglutaric acid	21643	29344	44010	38487	25620	12826	219060	159153	95919	74972	264072	87172	451	0	614	0	259	767	2269	3122	5557	5056	2564	1268	3912	3373	0	3526	5444	2279	5629	6985	7078	8259	35540	7917	2921	11407	36402	18319	3076	6119	9851	38267	44722	30385	19991	7047	17883	14647	44093	31436	24783	14413	77440	291658	98525	155219	80290
 2-Ketoisocaproic acid	38626	13234	103107	70464	24935	41357	21904	34707	17183	22270	23208	12505	37403	35074	15028	26980	60572	34174	55626	78176	21037	57484	42261	33066	14777	13756	30479	41559	27942	13286	6401	8522	11773	32774	14658	10258	20172	22791	11883	26030	16903	29674	3814	32999	4556	13064	6455	17699	34722	60041	17581	24296	32734	155851	17630	19793	40534	20002	57733
 2-Monopalmitoylglycerol	893	6472	809	6063	6276	7733	3598	0	3944	8771	12719	13822	2595	1215	4631	0	0	0	0	0	1156	1414	672	0	1989	0	0	0	0	0	336	0	3201	1821	1871	980	701	1595	1874	2595	0	0	790	0	843	0	0	0	2691	4623	3743	1847	0	8253	0	2585	0	2724	3938
 2-Steroylglycerol	12235	13511	0	15623	12212	3245	3009	5420	0	15174	0	4046	0	845	0	360	1444	0	0	2565	0	0	0	0	2895	1160	2751	0	0	21576	0	2779	0	0	487	0	2113	0	0	0	0	0	0	708	0	0	0	0	25240	0	9263	41625	3233	7647	11800	19099	36413	0	4889
 3-Phosphoglyceric acid 	284492	287653	177797	286850	220410	218097	187181	106684	64235	42882	164200	113745	159075	203374	28872	15000	140105	117912	44116	42512	28395	9429	41799	42361	94416	114298	52564	32992	14964	16608	13935	31600	29505	32415	58100	42762	70873	196714	21531	35532	23762	103887	20739	36346	21023	25804	30700	18855	97786	17224	154894	77700	28520	5357	29765	36728	35929	49719	49980
 4-Hydroxyproline	139056	53791	233174	177946	79644	181655	117682	90098	92878	49576	67929	51898	175842	166881	99674	116896	201375	162283	147337	153487	137632	181510	142733	102591	128641	118406	152963	153200	139126	65477	31020	19279	78416	128158	83532	119346	83739	128038	77144	119867	85515	132307	18279	148926	19604	75793	17322	44593	191802	452217	142825	167341	189999	399254	103796	160739	130092	162747	233299
 Adenine 	329647	309733	180242	169387	219060	228137	54726	22594	75252	44100	94102	94474	221238	207608	217586	200623	132923	122867	47275	73631	103176	69481	63848	70308	267136	266490	178319	279675	143004	39258	41157	83069	97357	103438	89320	72369	168400	227435	208426	171827	94077	134763	17514	48579	54795	45570	21642	30155	69420	49628	58549	132342	45746	9865	71727	4575	52502	1221	443
 Adenosine 	25779	25023	33146	76749	34616	41827	23762	17487	40316	40936	57299	45407	26669	12308	119433	498094	19553	11411	19812	30218	27673	287970	26420	18012	39664	31708	49097	71558	45955	40043	36081	56622	23516	35359	23980	19836	21493	32125	385985	540057	20452	26140	21709	31270	32715	23029	26379	55051	23709	45255	85028	54203	45837	36331	31658	228714	78113	38306	10096
 Adenosine monophosphate	891259	779761	355543	223620	522492	364124	1169433	509103	181855	26587	370223	747756	861777	488612	366895	530741	263325	311625	167200	132746	656957	359235	104779	208983	525078	741766	387064	698851	211460	28007	43993	291930	380203	320630	446892	450829	131555	672446	509114	349688	81035	253146	38786	127486	122468	199383	26702	30578	146073	15083	104903	188551	10341	58724	272280	89358	233536	119005	252754
 Adipic acid 	20680	16588	16936	39765	22649	27518	18689	11495	19277	18713	27388	16094	15988	18281	45872	17213	12022	11916	5393	9729	13528	9426	17552	18549	13015	24813	11600	27503	17733	15346	10678	10124	8968	13565	10593	13450	15156	9310	13142	10480	8594	6772	8215	11270	13369	7335	8685	20379	15259	26859	49783	28296	30888	22713	35485	51767	26803	22294	25432
 Allantoin	3052	1454	0	5236	663	10176	947	4507	8212	9366	10188	8775	0	788	995	297	442	1297	0	481	1784	2008	1705	1673	1432	0	0	1329	794	0	1533	2147	839	0	1437	0	0	0	0	1243	0	548	2201	0	1239	0	1325	0	3307	7887	2410	1282	0	0	2989	4607	2207	1884	1456
 alpha-D-Glucosamine 1-phosphate 	2334001	3520397	1353457	342165	3184757	4436962	208696	127515	50662	76006	112346	111490	4009765	836767	1898092	3801504	3671351	3131394	40580	113222	103769	25904	108422	33909	6469874	3702359	4212316	7930536	4104533	956952	87239	162323	56500	169191	68187	138092	5129196	3699428	5836435	6738444	2118928	4087096	44266	129210	182798	15181	103512	91983	843355	444373	746892	1355856	3198849	0	22011	91103	153498	117249	99986
 Arachidic acid 	96651	67710	57137	36732	25923	92458	22820	40356	12761	21170	30625	26955	20440	28662	29480	9931	12956	19104	6443	4105	10794	9938	3671	4374	51752	35264	41504	62620	55702	9322	13236	21388	27082	67711	17541	23801	19054	24435	13323	20115	14840	7033	4253	8328	0	4636	5853	17360	13520	12731	20460	21813	6377	6869	15254	27416	12690	19170	21121
 Arachidonic Acid	1166	0	2977	5756	0	0	300	0	2664	918	2873	3395	1452	2907	610	0	3338	0	0	0	768	1831	0	310	1346	0	3297	1017	0	0	1599	0	342	3654	343	1095	0	1971	617	0	2571	3667	0	1650	2047	0	0	4003	0	0	1817	0	8019	0	2662	1757	2750	1959	2680
 Azelaic acid 	163890	56804	148945	154063	67923	148999	62913	83509	49641	67311	62627	34087	96682	182702	82903	82350	115849	66346	67175	99413	73536	97966	61640	68795	257385	166783	243549	289826	196927	135555	134884	115225	106041	228315	83501	112414	129699	164643	102861	147093	90672	168797	54862	104541	66174	68234	62842	181153	107631	228156	143276	135338	137935	119770	52523	153838	105511	97198	133814
 Benzoic acid 	736259	573333	1899091	883412	474497	1062397	370769	545756	552188	498539	351940	386009	912996	636104	434089	711337	1055401	914463	777217	1140001	702751	882037	841428	559053	842702	548599	1135061	1295199	1234577	1232547	780985	900356	527984	1384955	515490	559097	1046343	777372	587577	851388	683872	927667	393471	1002683	502101	581437	482164	1070409	801723	2544425	612686	1005495	1213718	2147214	621704	790897	885917	592043	833708
 Beta-Alanine 	6233	7138	9142	8924	6463	6632	4524	1669	5104	5873	7751	7118	7853	6045	11178	7359	9256	4798	3462	6044	7665	5862	7219	5450	12412	7558	7006	12604	5998	5544	5914	4085	4306	4733	5673	6187	6447	4544	8252	9680	2899	9702	3527	7338	4869	3608	3575	6955	12149	7287	11316	10690	9211	6724	13400	9869	12882	8801	9572
 Beta-Glycerophosphoric acid 	196	180	317	135	82	0	288	0	157	69	217	149	222	114	184	0	280	0	151	211	260	301	321	181	0	0	0	0	0	0	524	0	0	0	0	0	0	0	146	0	0	0	0	0	0	0	0	459	0	1541	0	273	403	767	0	0	240	67	216
 Beta-Hydroxyisovaleric acid	6279	15759	50066	15118	11606	10574	8228	6633	8487	5358	7288	10548	18606	7940	2183	19980	20669	13976	15995	11523	5568	9927	15975	13029	10291	11273	5771	17772	11195	13615	12225	12175	4201	21793	6637	7281	14146	23071	14632	25922	11696	34060	4994	13263	0	9693	6632	9265	5616	35971	4574	13586	10031	23711	9881	7784	10477	6292	13469
 Capric acid 	85700	415329	299963	280890	97007	183599	48485	75781	131358	231495	155041	52763	91143	74084	131125	131514	147285	86630	100919	174634	90740	113636	122496	78011	151909	78551	181123	218405	207410	326500	195589	187195	95303	257621	85890	92977	111741	118479	86548	153856	95469	136426	84744	190543	138692	108320	122929	311563	116362	396324	113244	196528	234437	330161	145237	147144	158094	119967	138034
 Cellobiose	216411	466435	78613	46129	240479	191301	74354	53388	14200	17585	74448	42905	30477	41617	0	0	0	0	0	0	21995	20868	4921	32747	57454	0	16168	32863	6153	7152	17960	36253	22261	37432	39839	41183	23751	76934	0	76015	0	98510	28728	51378	24848	7589	21623	28073	53705	0	0	0	0	28434	0	0	970	19897	80242
 cis-Aconitic acid	301	0	0	628	734	261	0	77	267	641	531	106	0	283	0	339	1280	0	0	0	1569	599	0	0	0	756	0	0	0	0	0	280	0	777	210	0	186	0	0	0	613	98	413	0	0	541	0	0	0	0	0	888	1277	0	0	134	0	401	0
 Citric acid 	132533	144586	114734	162055	161181	152453	166175	114624	140915	108674	295461	159324	52766	84123	21988	15680	51934	51159	12916	11747	16122	13270	12734	15544	118443	161900	93635	123770	68070	46463	10934	14816	12870	12442	19070	20690	88895	166991	208743	178222	51307	149877	8432	15461	13135	12345	7645	10152	161974	80875	289249	230431	213267	7500	22285	39084	28042	24413	40303
 Cystathionine 	84377	142100	63992	55664	75171	78049	27325	10312	108345	56021	66570	324033	34543	3688	8378	17997	34151	22782	9551	33888	12829	30103	25057	16101	63600	50200	45111	91036	31016	63456	7299	19063	22170	20896	20964	16737	114907	15061	145754	129652	31497	137315	2040	6065	22160	5846	40624	68491	48027	137541	2050	21402	18252	126747	17141	8891	16434	7222	12840
 D-Fructose	1217526	2063753	1630224	1830249	1599278	1413472	1853321	1192420	1017107	672709	2380719	1411533	20025205	22318206	10428949	7514229	15388171	7112478	23985678	22173181	18561511	31130941	20418815	21561749	9390200	25519621	10429793	17312883	1911422	1355431	9891542	5105522	7617898	2249055	11391737	18846875	6515034	30678092	30712291	39940847	515835	26776846	5190760	4206307	5758683	2248584	1530372	3170918	17980014	8283569	36021918	39496110	59464439	1698809	27210872	46296826	28151378	35322077	33379412
 D-Glucose	5574165	2896187	13724810	7947432	3246266	6405150	3142934	3234076	3153104	2832460	2410297	2402800	11175	24743	3224	2042	5125	2059	18382	6055	23522	65211	11414	15840	2289	5259	9280	15036	859	2202	3119	1488	1172	504	3562	5858	1509	5753	12244	15085	1075	4548	960	1264	5952	407	0	1420	2524	0	7217	9467	7110	0	8042	34280	4797	12067	16378
 D-Malic acid 	84739	78305	114987	103899	88861	89762	699270	534457	644279	613403	517217	707692	6965	14018	8593	5593	8783	5160	49183	36224	69198	52520	48591	43429	50584	49478	30886	69633	29955	36986	78450	147260	78993	84579	129899	117214	80555	159766	297209	304564	41499	204829	114504	246936	297868	229056	132365	282394	270214	222242	431319	322816	315385	487638	1016079	1168304	990154	932779	1381282
 D-Mannose	1467045	1599016	1282502	1833631	1297609	1151534	2405879	1543923	1372521	1031274	2805311	1762386	2322754	3122279	1285544	1009317	1492426	925621	2858611	2447117	2114843	2783463	2112479	2632690	1185259	2016283	1025039	1592793	376784	214256	1121188	1164378	1218957	776949	1485469	1907926	540922	1496705	1749246	2294451	105372	1135616	764053	733953	707164	650234	377168	523794	645654	267319	2585445	1603354	2287190	93096	1785416	3147570	1270619	2251305	2624352
 D-Ribose-5-phosphate	55101	71763	72534	121798	11677	108516	98806	57216	81406	82224	184093	33759	43551	42873	45976	38301	46276	25246	22569	15953	29731	21948	20442	26690	28442	34949	33887	32878	19394	7989	29765	42582	19053	27091	22447	27760	14233	45063	27321	20952	18033	26474	26057	17442	13869	23526	30660	32743	49279	7580	24766	48187	29368	19252	32407	77601	81241	5368	41116
 D-Threitol 	162172	188132	123682	164023	162424	172808	124324	89792	121742	123212	131427	143481	115224	155728	183195	196399	111902	74524	84170	75310	143029	198037	72436	79059	69642	72437	49272	55480	37176	0	43528	34126	49521	41322	58594	54984	37975	77159	285942	295407	12532	85809	32374	52992	45989	54537	29707	41344	76329	48514	142711	136049	145373	44425	195121	480948	123092	203014	358647
 Eicosane 	217848	63916	123022	285933	115269	229030	133208	89050	68864	86205	67425	41227	41448	54795	22103	57226	92429	94796	31202	43355	27387	20592	36369	21754	296777	143762	264168	329807	308121	891157	134515	93885	99015	217427	88924	33392	43704	231306	76060	96166	48715	32635	40759	68696	54207	62818	147570	34188	78396	153579	67931	302848	75315	237180	43512	159272	107786	141333	770375
 Elaidic acid 	54710	54664	231183	312256	38691	155773	0	138024	123211	169093	131601	73218	95197	73460	97070	58104	114148	51392	50951	73903	24510	81499	38064	28679	118296	94892	166897	259980	258232	289320	96687	96538	47912	186384	30386	80728	117675	182236	35530	101023	87951	33862	35368	40303	46620	41945	58980	133730	118809	356619	48232	264834	277126	198286	124706	176533	100513	148108	106939
 Ergosterol 	258974	552588	404092	123877	40143	621685	401626	86377	147596	100567	81044	34010	101320	59816	220872	41301	48418	86566	21381	22877	40556	43269	18378	10668	42951	40222	94351	118327	43803	22852	107701	229392	91266	385264	71553	87526	42012	85008	25107	64506	6958	7353	22524	20682	86077	26594	42676	180897	52269	21679	50952	241045	50600	18577	39492	328323	53852	185239	180679
 Ethanolamine	5404531	2640285	11057988	7271342	4529770	8861450	3372369	2975491	4047766	4251621	4146125	3847678	7237774	5025437	5467808	6490624	9672786	6749785	7849500	10473133	6443752	8257802	9288048	6391786	7211194	5541049	9941013	12608609	10255650	12255638	7965187	8168354	6193015	11582519	5931703	6455775	7788728	4536009	4996560	6473925	5300758	7043785	4562672	6753767	4854380	4959960	5478716	11304616	6179180	24578716	6151593	11069203	11727713	13123251	5879137	7173701	5810827	6275532	4909306
" fructose-1,6-diphosphate"	1822034	1768729	824199	877555	1898913	1207077	1407413	879362	614350	47319	1791785	2442717	327233	556055	129517	127561	357463	319148	223306	180095	385943	48923	128871	251405	143455	183291	28534	67423	0	0	0	31380	113204	33201	38399	47881	95658	1031856	473878	230054	7866	441800	10559	152216	8390	96854	10651	0	458692	0	372087	26465	0	6318	385832	234199	417028	359913	570226
 Fructose-6-phosphate 	1481969	1551575	656211	1125744	1672550	1353748	1584598	710753	1224807	849061	2365477	2195241	314081	475973	141592	102373	358076	319651	125287	131602	183768	101657	156354	171975	157325	196584	89833	82585	24435	14732	39871	67308	81295	57161	168485	111787	243292	668187	554455	650805	54969	778723	114141	156229	54024	101943	87581	49897	1334766	361612	2053268	1000869	1108965	83978	982927	1317818	946704	1072549	1761856
 Fumaric acid 	328357	324127	513165	431595	315783	371181	3042557	1866266	2130689	1823005	2372211	2506162	223908	181565	168363	178134	178619	150939	364299	371392	367706	454371	348643	262164	390201	296352	387914	521485	368338	347108	469973	630634	377131	636482	607690	601517	483248	738619	986833	1202432	352511	894544	497452	1264722	1126696	955209	580770	1192400	1181609	1154328	1412022	1201346	1155458	2369057	3099785	3068555	3439886	2532244	4114279
 Galactonic acid	46537	116331	101137	46289	24984	42324	35050	25505	20154	21252	34441	9600	16968	17541	21310	36640	32698	26672	10181	10083	9658	8885	6622	8974	29533	24586	23408	41387	32463	88209	41797	31520	21188	28325	13624	13002	13536	36276	27609	32206	21439	12669	16273	12834	23109	12339	31232	10958	12718	10561	16819	34361	13599	18599	48602	29332	17741	20652	64128
 Glucose 6-phosphate	470621	415277	285089	305009	609865	635457	352231	254220	500175	354471	484734	506970	86841	162437	41945	24040	149746	98501	67941	66191	80945	48363	64967	70705	72114	78349	47093	33601	13081	7985	21440	34600	36851	26608	59171	48343	91404	226507	166927	167808	24918	249476	38707	52444	20968	35181	34748	31055	450275	170709	643381	400377	474250	55438	265831	466143	309532	353797	411206
 Glutamic acid 	3630	3231	3289	1045	2854	6762	0	95	3165	2468	603	3772	4844	883	3290	6226	4253	5529	670	3554	1059	1331	2844	0	11636	2725	10689	19674	12137	9201	6704	5323	6562	6034	6572	836	14211	1242	12421	11342	10305	15216	4375	15039	3710	7117	4716	10635	7889	8459	971	5923	7344	4131	2681	1228	5650	0	0
 Glutamine	30519	133257	14601	24531	56508	86765	16328	17710	37959	13084	25658	70044	32369	18288	17168	81214	32062	25638	5789	8114	9912	5426	9148	4718	1009049	10092	331857	475760	185641	19848	10330	24029	40985	40358	42791	8392	126905	43645	589897	2396997	216206	587697	6516	215443	39210	97782	7755	7008	112583	0	35544	19368	47606	9548	9427	50383	36075	20602	27180
 Glutathione 	86589	18962	59585	55267	24461	0	146219	36947	11078	0	28514	14112	112088	102730	12388	12428	32732	43987	29075	14042	38078	33847	14169	25021	5072	14960	4019	4405	0	19947	0	0	0	4538	0	10956	4506	52176	0	6728	2160	5526	958	0	0	1166	987	3405	10086	0	15049	2280	2919	4428	7463	14208	5088	25316	51584
 Glycerol 	5333714	3276049	24004146	5921948	0	18232794	4834053	8939183	4793781	3742502	0	0	7021319	3825838	2884711	6272710	10321147	8370474	8990640	20407158	4896683	12004548	10583387	7260972	8568754	3578037	20139026	15315822	17782460	10346677	17647469	10371804	7977409	29389761	6836358	7837712	17074091	8947118	6115759	9367844	5446557	17052339	4640732	18064827	5572306	6524893	6839688	9344319	13320283	11516274	7433908	19134884	23564544	9839122	6653190	11649845	11029486	9039562	7728420
 Glycerol 3-phosphate 	69972	56603	50698	96137	59448	53901	69420	44044	56809	46760	83935	83922	30875	42726	42929	28070	35032	20403	17611	21112	17854	16071	14848	15644	43178	42686	25791	48080	33831	11481	9695	12535	15787	27628	16532	12921	22629	37783	34400	30742	15124	26266	7106	16338	12102	10072	7960	10246	45500	23441	28210	26141	19543	19605	32130	27356	38803	40472	62816
 Glycine 	1041617	1265011	921841	1172022	1183961	1181078	3776021	2480587	5544833	3872322	6035429	5401550	1156676	806636	1320660	1459961	1076575	835068	5874662	6887993	7445520	7100222	6783362	5698346	1235218	1036448	908183	1657949	957779	521568	4445147	6398377	5588430	6613042	6721952	6754730	1072903	777913	1271600	1265878	587681	742598	3581800	5711632	4510163	5366331	4196662	4463571	742535	588496	925809	738742	901600	1947966	3188500	4054239	3773608	3086929	3060415
 Glycolic acid 	938945	931309	1491742	1222489	988708	1260916	802786	926619	714929	811343	982348	774143	1110846	1068716	818334	1218051	1230047	1052341	1054963	1234896	927679	1138270	975434	1030339	1606752	1232776	1325848	1531171	1416626	1532432	1014404	1391598	734628	1720598	830526	982374	1612341	1596523	1104645	1886041	1351463	1507420	1005434	1557575	1352229	1240555	1070005	1730776	877572	1394740	1252507	1025273	1366900	1426090	1060681	2252159	1481310	1325228	1778082
 Glyoxylic acid 	375871	175511	818395	496172	231732	545859	300579	309384	202690	228117	196749	212533	295384	270273	201400	262016	541198	375202	325439	457109	274732	438261	356253	253239	94105	93414	176216	197123	219804	237447	140913	145766	101958	220300	92486	96915	147763	143266	86094	124466	109220	151237	90837	127998	100650	109286	94597	177597	262278	398254	123158	158492	199724	853649	135375	157164	399172	162123	262712
 Guanine	14396	17829	15232	8907	12674	10290	5072	3624	5409	2894	11581	10071	16293	0	53684	113992	10013	10988	2243	6421	13249	29098	4010	3333	25904	29417	22979	48742	17604	5251	6196	11352	11359	11083	8976	10643	9340	11056	85334	98222	4868	9991	2100	4890	4890	6973	763	3019	3024	7494	1391	3214	3057	7161	5160	192	2178	0	0
 Heptadecanoic acid 	57934	0	4695	0	21770	0	0	0	0	570	0	6204	0	0	0	0	0	0	0	11993	0	0	0	0	0	0	0	0	0	0	0	0	8265	0	0	5016	0	11018	22694	0	0	0	0	0	0	0	9281	0	0	4676	0	0	0	0	0	0	0	0	0
 Heptanoic acid	1253837	360590	1581410	1075533	562180	1463850	486076	809746	531323	724728	590568	338834	759471	1394091	621653	752272	1171445	1049384	928259	1558617	1072563	1074349	1022786	714921	2594561	1364694	3096084	3548727	2765686	2666993	1869220	1795610	1723511	3266311	1253764	1464314	1481270	1430229	547253	971961	1139129	1631248	676946	2070811	1027277	1093732	927156	3219178	1154418	5273633	1081242	1418299	1647174	3700173	735870	1328435	1179228	1143227	1309501
 Homoserine	523579	454715	523192	931430	656327	527406	1148297	570623	288905	328024	974631	634123	276290	672192	342615	275645	432533	267604	338112	232550	192900	172682	172303	263761	32380	41118	204177	248738	122820	103029	151753	12849	69875	40558	22503	47628	234364	44852	293171	299181	46159	74362	7835	52613	66495	33683	12666	56307	190696	16984	269970	72706	56100	96376	122370	166806	357437	25993	387293
 Hypoxanthine	32825	37647	11191	7866	33279	13554	2614	7677	4748	6104	7771	2988	60767	27741	31937	45048	13344	14975	2519	11200	12854	7358	10932	13532	47155	52425	28934	38318	19980	34718	10255	1787	13473	3925	6312	7172	13876	0	27453	11197	14451	12895	5143	1378	5791	5853	0	2585	4257	3231	4209	0	2891	4097	0	0	801	0	1678
 Iminodiacetic acid	120861	82111	236187	104340	88455	197323	33937	24255	73323	66425	42426	68728	123002	46475	60151	114499	206116	163694	58937	160391	87889	96782	152225	55465	128556	39727	190921	221854	205169	243680	81640	98192	85128	183423	82698	79527	151004	34033	45799	133777	112929	170190	72999	158208	61852	98090	81569	171201	144508	390127	46453	163747	177077	298117	75552	37957	118327	53981	63863
 Inosine 	59443	80122	45614	37351	60080	67812	21113	16420	19129	11723	45107	29218	8262	6064	10373	8622	4328	3244	12890	14324	5198	6084	6533	6849	11483	10347	5149	13431	4979	4286	3031	6259	6630	4329	4657	5845	6967	9203	17200	22630	2314	8939	3648	4294	4973	5463	2625	5571	7091	7340	15408	13903	4702	0	10054	18422	12148	10174	9237
 Inosine 5'-monophosphate 	29492	19010	10727	4620	11389	27952	6447	0	6240	0	4606	1883	14949	10725	14752	8258	0	7753	2084	15931	1449	1425	1130	7998	3653	12955	4238	24746	0	0	0	0	11822	26966	6878	3600	2301	18893	12243	0	7372	14085	0	0	6103	0	1557	0	14334	5228	12748	0	2090	0	0	0	6628	0	6325
 Inositol phosphate	4054243	2244191	2964426	1883799	657726	3428791	1427112	1789809	568999	937674	1308073	595676	1400187	1785286	1939269	587443	1055616	854625	398047	479178	829013	573267	311764	334950	3133545	2277886	3267758	4158546	3297760	1072002	735694	1064970	1756307	3371197	1070241	1283245	987107	1459835	601589	771340	772588	831209	197228	528158	396800	328880	355672	1347992	884730	1082727	1125443	1598921	693058	493603	1028011	1824453	589272	1262252	1538596
 Isocitric acid 	26619	0	24765	38851	0	45502	48019	24887	31652	24658	39595	45437	57222	15226	30953	26437	36247	60821	22219	29196	20221	22663	28409	16907	73156	51270	37911	91021	75567	52866	21090	32264	25914	32277	18912	16395	9081	43977	0	29118	31340	34806	16495	25691	27113	15305	13836	25493	29730	38356	0	36909	0	36025	22175	27409	31206	22221	40263
 L-Alanine	312406	348497	292327	374546	342938	361182	1755736	1634607	1755445	1512666	1621937	1881360	2366167	2304684	2604481	1937903	2264515	1298838	3586546	3842548	3597665	3846349	3838739	3197445	3694966	3204231	2586929	3180119	3547411	1210799	3994643	5018629	4307458	5599680	4132166	4706076	2226160	2175729	1313645	1366630	1783017	1514380	3708446	4748402	3755956	4598050	3609520	5010514	444653	410023	733494	466375	510949	4621918	6532914	11925126	10305317	9032164	9471463
 Lanosterol	41138	26584	29690	18047	5539	84703	9000	6959	4189	6012	4200	2604	9718	9199	14106	3574	5452	6320	0	1913	3205	2498	2023	946	15706	6797	12985	21472	6429	10396	0	2501	4031	7469	3479	3056	7006	10299	4166	8775	4192	2613	0	2224	1679	1744	0	2838	18866	12693	15336	32455	18161	5926	7337	12277	8358	6439	21746
 L-Ascorbic acid 	624208	379506	1542296	929428	396393	998419	277450	410389	533020	410080	197579	333921	0	8506	1655	3016	4077	153	3440	2467	7595	22707	0	5170	4711	0	4474	7045	1918	279	0	438	1331	0	1718	5118	5680	0	7451	6185	5478	2113	0	1750	1682	0	0	3049	0	0	2620	0	1122	0	2940	12251	0	3084	3679
 L-Asparagine	35451	26119	21042	38518	28429	54515	10597	22728	18724	49160	16738	16699	0	1081	0	2169	2380	834	734	0	2497	0	186	2152	0	0	0	0	0	1777	0	954	458	2762	291	660	0	0	5577	0	0	1827	379	5398	0	0	355	653	0	0	0	0	391	0	1020	3494	0	1483	1421
 L-Aspartic acid	251201	255472	200066	333842	285694	313112	609569	321745	390579	269103	807979	557693	441411	599145	980612	616169	487284	357609	93869	71024	340684	235502	138201	102551	325283	548457	441117	671205	318433	138124	88257	174548	127456	134765	378560	400201	160495	198723	271206	359561	105021	219144	202383	369197	369250	390423	277574	357680	246950	127546	497896	224478	256487	152315	422746	799956	666963	491078	574001
 Lauric Acid 	285837	600974	726341	580684	209843	466902	144611	116562	261767	343383	252644	103783	227645	115772	253116	332326	362925	226641	150087	257939	121323	162449	174102	116986	414470	258736	407256	635125	662177	892005	405630	417731	228660	512325	148328	165133	299633	396195	270466	419822	280738	271290	195559	407362	318604	261140	312365	463189	234254	662482	232138	474043	411444	565056	425027	311318	291882	228334	487016
 L-Glutamic acid	213718	415147	48859	160502	410602	201173	120195	6415	177748	138839	147353	348971	341572	271341	651849	431979	211252	145243	25610	59050	114640	37313	70433	36577	779526	664789	405351	765043	393999	105822	124989	168303	106881	131464	185689	148134	506934	623602	1239213	1222202	307567	638801	126585	138396	245746	139627	122923	95265	627357	266999	679642	524765	567926	79948	230236	75119	603750	93154	147792
 L-Gulonic acid gamma-lactone 	453129	318186	1181075	611197	277993	1739660	184966	378259	886787	345853	301013	293390	18076	35601	3881	2375	5761	2921	34468	11751	39177	101195	12456	29249	0	9270	9068	16332	2037	3498	5484	0	2433	626	3770	8937	2560	8608	24034	20264	1248	4539	898	770	12418	0	1031	3200	0	0	13508	10555	6098	2038	14281	56953	8063	23517	26000
 Linoleic acid 	6445	6445	11471	12209	3166	11481	4677	6176	4460	8990	7591	0	4313	3108	9474	3240	3909	2606	3234	2269	1440	1623	2022	0	3052	2953	5961	7605	0	6806	5284	4700	3373	7526	2516	3760	3793	3754	3049	5897	0	0	1802	7319	2423	247	2557	6555	5722	16317	4788	8446	6644	7569	3285	5791	5631	6191	3910
 L-Isoleucine	918482	1088775	204192	1317470	952356	872934	2150232	1408191	1760186	1115247	2709800	2045962	1137136	1343119	1549154	1111398	1071193	783886	1670140	1485532	1749804	1430991	1452721	1372925	1384127	1807489	881612	1847880	768092	800061	596182	945712	1342840	748917	1461418	1698605	1473791	1209961	1355078	1566206	873168	921520	1340038	1963657	2543008	1878630	1355765	2513537	930852	761100	1197505	758171	929759	2493975	2451714	2567117	2584338	2704778	5452192
 L-Lactic acid 	334652	193329	954249	563600	228043	587050	413228	271231	461443	276708	376304	270584	318088	238690	183827	322092	463961	378453	398521	494437	345884	539727	478166	286895	422054	235876	503058	612932	605366	621734	456010	518438	394234	905299	623273	396312	405503	398771	230606	395572	329943	498595	336471	878948	794020	828039	577959	883382	351009	1346030	261209	440661	592609	1092056	433993	883689	743488	659517	561720
 L-Leucine	299447	256862	382148	372117	137341	191592	255083	181603	117715	86382	244402	113547	943856	1465164	900726	864796	1150160	669834	1195428	886722	891237	932138	663001	1131745	381733	1019676	270386	767540	228280	259173	222802	647816	614572	172881	561746	926974	305747	365122	127489	181513	180829	64356	235788	506164	350026	419034	134537	329264	237916	90774	398429	436576	426660	178126	478342	589409	280838	562109	690075
 L-Lysine	1658366	3720668	762780	1314588	4382646	3131545	46136	79372	605385	452999	556246	954777	1285682	686904	3477050	2692818	930794	613215	1841	50316	77760	0	106556	4150	2559920	1185764	1171392	2956286	1266008	377198	268635	493169	347399	351873	310515	108444	1421161	840220	2234529	2345728	564590	1018252	275379	313864	286825	291265	157422	191877	1251231	591300	548993	453318	718698	111248	194452	2735	480624	230	6523
 L-Methionine	64723	136224	117484	122192	105557	57123	171543	44798	115073	68582	224231	133875	157436	148977	227234	140927	74486	75900	184532	122899	160463	151152	130891	125294	77198	82318	65055	123283	69042	49802	50053	62190	91438	72014	90458	109577	108403	50325	74660	104772	45996	53034	61029	61803	95254	88936	59389	90874	97755	72469	135334	100169	100654	60881	98102	103724	89027	85642	80156
 L-Phenylalanine	947366	915469	1023658	1585768	1002968	804928	932563	466055	654223	459137	1163832	576154	1812808	2294573	3680990	2096167	1745376	1317583	749084	639672	1199377	858841	811723	732175	1405415	2142325	1747698	2564329	1679227	1285957	450409	626948	676216	549176	1029401	1091478	1176218	1331680	629407	1325106	932362	936734	1070908	1247072	911945	1261043	864650	1328337	1200804	845892	1788527	1127601	1073565	412471	835221	1358297	1144143	982716	1040479
 L-Proline	4175973	5003813	3253462	4602941	3972835	3389727	3775371	2396156	2948706	1881204	4298994	3447356	4138699	4080331	5293162	3968203	2752404	1876454	4149494	3253312	4197044	2844427	3282579	3695675	3042590	4479283	1688627	4037952	1533432	355740	1170975	1998711	2295496	1055382	2730551	2991558	2134224	2948065	4944074	5077818	1274935	1972060	1836067	793656	2136461	1513893	1140863	233860	3574762	586465	5813423	4222978	3223335	2045006	2889627	3468815	2721348	2436256	2754128
 L-Serine	3510769	4251296	3346829	4482804	3732308	4200831	4384882	2758945	3569228	2430962	4126570	4925351	2029937	1931339	2791568	2255091	1552279	1401123	1179194	1071750	1114017	904681	980794	910498	2326798	2275996	2069208	3441154	1711087	935443	498094	671337	626708	589663	931195	932051	1790430	1793496	2542270	2969217	1032533	2004144	903458	1745417	1521064	1283079	831630	1355186	2373379	1870086	4425227	2886823	3324832	1211163	1886904	2876439	2395995	1656611	2402409
 L-Sorbose	189025	146430	197006	253440	132525	100057	295816	261372	101556	125893	355845	125973	62993	92600	60455	45089	42932	25564	63666	57333	42568	68269	58652	45992	39852	33718	33612	50151	27088	15573	29718	38700	41190	26980	37773	47148	18263	35851	23766	35928	6796	26546	24805	22363	22540	16621	17006	20632	7777	7590	57042	27865	34227	4781	38275	57726	13237	36472	24036
 L-Threonine	613995	522133	405726	607518	298185	580809	726052	411533	503129	471085	599374	691071	519909	480481	574310	524851	446834	295802	259612	230474	330925	265139	186399	220699	281301	581362	131201	515314	115192	146461	42827	284300	156364	77458	227851	295794	224838	273865	250694	199925	147972	33990	91894	279147	334656	241404	54359	318093	261439	309836	251870	330536	423488	118175	342540	460506	360384	381519	427582
 L-Tyrosine	196543	460327	186445	207885	388333	279037	3751	2437	71385	62966	90369	115830	141282	57743	199284	264966	241738	130384	3335	17935	46905	15035	40181	9376	355311	178068	257372	511646	264388	90721	52045	98389	95624	83732	99482	71096	214862	93138	244028	340726	147784	114333	128578	132175	144847	156200	102743	94738	50576	36859	35485	90951	110118	0	46104	0	40690	249	0
 L-Valine	323075	198025	266446	280954	139501	291453	878954	307822	705764	413431	651991	574591	815685	885207	777147	911809	932613	690318	1313897	1112715	1095488	1277621	813824	1218420	533522	941751	289933	1125846	353986	636546	348736	1364951	861281	457538	822601	1201996	717233	529692	154089	311986	485306	155745	605509	2423410	1447240	1522064	377722	1760771	237997	136019	620356	335317	384207	1249220	1415028	1849277	1016302	1644656	1808497
 Malonic acid	6383	4553	0	8400	3923	0	6458	4045	3563	4229	3477	4034	7702	4603	5375	5258	9403	0	3884	11490	6505	0	2497	7207	14499	11387	6676	4209	3717	912	2664	3741	6422	9169	11518	9338	11612	7441	0	8034	7327	7343	3281	21176	4362	9480	1734	5690	3649	9803	4382	4797	1249	13273	12321	16295	18958	11792	15702
 methyl-beta-D-Galactopyranoside 	38615	6933	32180	33578	21216	3061	24999	20052	2944	0	31841	3418	97692	127437	87815	13054	0	22093	16276	11165	0	4047	8417	7696	0	87627	0	0	0	2523	0	0	0	0	7490	4641	12548	65782	28572	36064	17136	6175	0	0	7007	0	0	1521	32204	10504	31036	7721	5700	0	0	4673	0	0	19985
 Methylmalonic acid 	10545	18573	12401	7536	15227	15296	21286	16776	23599	18316	27078	40010	41515	31367	28473	45622	30659	25834	21746	33176	56659	47747	38626	30224	66773	58176	42678	63490	49421	21823	50961	79069	54048	78053	54202	61099	35004	26186	20832	25089	21195	19301	53413	90396	56420	67834	46989	72700	12539	10518	14628	12124	10837	38021	41259	37256	39485	25873	28762
 Myoinositol 	894907	1010541	1331171	1244211	761738	739259	461284	177191	653314	701976	1345588	816158	4912444	4778203	5896594	4762739	4184814	2839932	3282415	3294008	2494089	2374634	2662146	2823269	4403943	4361890	3212157	5853937	3266536	1684016	1865194	2375844	1573479	2056831	2731640	2234247	1314505	1904670	1294338	1818587	920089	1235627	978122	1170873	1011893	1021094	1073913	1089487	958493	881992	1513574	1112207	1247992	609492	942534	1367164	1175776	1049309	1403974
 Myristic acid 	1348757	1093147	2287538	928716	711697	2207192	528017	528361	767870	552808	403680	289595	1666389	715803	875804	1686982	1558865	2130092	679256	989065	480833	788527	874351	539361	3210681	1438510	2308389	3324439	3329285	3964998	711619	989889	926728	1470442	502297	416510	1685468	2515657	1124136	2140851	2050770	1847023	362911	741377	409152	604631	487500	913878	1096700	2546438	419756	1139072	1186489	1977992	606802	502544	653691	579795	970250
 N-acetyl-L-aspartic acid 1	2612	1558	0	3999	2979	437	590	2222	806	488	1469	0	10843	1296	7623	5439	2317	2235	1044	1389	0	0	0	0	0	681	0	0	923	3244	1155	2633	212	0	369	0	0	2040	2231	5554	1423	2466	346	0	0	258	2050	3717	5432	0	3003	1154	6435	7119	0	0	2940	3317	2385
 N-acetyl-Lysine	442339	37924	219944	616328	67296	80556	173299	38229	23480	14802	108047	24377	1122522	1466092	1029937	227123	268502	199394	128761	146351	126725	121530	72032	142775	70975	1098208	93369	88466	64804	33417	10904	8316	13032	13179	26174	50911	56488	772697	36886	71526	26163	95240	14773	25810	13437	19860	7895	19984	421748	93356	915432	100738	68842	35047	58766	12803	119643	13773	15786
 Nicotinamide	1331295	2652765	1333563	1119394	1827684	1769373	382287	209237	2060058	1397480	972066	2717761	1885651	926305	773649	2027033	1484703	1128057	577982	1257885	1187982	907166	1218293	735848	1812126	1712432	1187380	2403423	1561159	778676	1463825	2376451	1649608	2156939	1486172	1464408	1372525	1210993	1798604	2550567	805474	822333	1317571	1776816	1870155	1848032	1218505	1234094	917100	881680	948005	1160740	1087202	482718	1080906	691741	1349694	432521	211458
 Nitrous Oxide 	3948915	1804327	11303304	5216503	2804104	6817325	2217009	2085200	3092158	1836788	1651534	2245526	5296526	3009964	677355	1866036	8184945	5852888	5755376	7404057	5239577	4233801	7752427	4525194	5470030	2718014	9318832	8420147	8899034	7399580	3300816	849349	3287817	6712889	3901985	3546437	5065750	5349616	1448401	7095974	5186378	9332482	2974928	9564589	139447	5595032	3775878	6307845	5932795	20487609	1707080	6269843	9128960	17226047	2225027	1118433	5867211	3676992	5632122
 Nonanoic acid 	4667815	2494094	7166062	3864867	1961063	5366000	1683891	2603088	1787685	2367126	1653512	1322136	2865948	2866227	2293469	2851724	4191487	3565603	3292883	4164593	2778397	3798319	3748267	2364218	5418826	3416137	7985233	7479479	7063162	7588412	4074399	3287021	3251380	6767332	2872266	2787942	4068799	3518891	1843666	3324135	3272982	4391772	1593682	3577845	1970158	2771923	2168825	5826604	4322382	16326538	3047859	4632340	5995067	10270356	2567093	3457658	3507732	3198127	3843078
 Oleic acid 	1178252	874710	1961542	3102054	581969	2503423	761087	1084324	912692	1862748	1078216	493431	488883	538628	1359685	479442	764998	361951	271581	490077	294976	416623	354274	176018	824518	589261	1004534	1408258	1254732	1456676	753247	724329	557415	1471147	378470	490575	523627	576214	310282	723952	473956	510330	266437	315927	353019	239910	373727	1128776	1016255	2520797	940485	1693399	1419842	1717258	578797	1022663	887987	842589	867959
 O-Phosphoethanolamine 	7503	5841	9311	5341	2372	7365	5286	2695	2722	1921	2538	1774	5572	8113	6267	2383	4507	3086	1481	0	3612	3607	1257	1952	16823	10592	17652	17386	9425	2866	0	5453	8969	13818	4713	8052	3914	6537	2584	4779	2967	3795	1026	0	2647	2382	0	4284	5694	5881	5184	7636	0	0	0	3888	2605	2608	3577
 Ornithine 	318208	704203	26400	102986	547191	550833	77	171	9550	5076	2584	6351	553097	80764	953126	770283	304174	274245	0	3309	2445	0	4716	391	964752	376495	401695	1008527	412088	136865	5768	11512	8295	8310	7872	4152	648608	434812	943324	926470	241986	541425	5548	6426	9369	8867	4507	5509	527487	259386	85351	156381	235573	3539	2857	424	12452	215	511
 Orotic acid	1611198	2054574	958973	1014994	1494583	609351	48654	23839	53419	17442	281720	69552	1618711	1532342	1419951	1088496	574431	760475	35788	73729	268165	212175	141408	184901	1465284	2251320	903089	1311353	535244	181280	11689	32106	171294	116973	210124	157305	734381	1107520	1204534	1161908	348200	953261	6211	34529	66034	102661	49872	23495	322879	62311	550882	349857	213421	0	17918	16798	17553	17374	6088
 Palmitic acid 	2920199	1865007	4550152	1752768	574076	4942968	1109721	1676159	710978	1280253	508134	496426	1364149	1168520	1849815	896057	1086807	1451020	214379	356585	324390	407765	247653	175020	2901484	1685660	2557936	4452176	3511349	6697844	1441711	1168314	1696164	3624842	989656	857458	1224892	2698399	620532	1502941	2356704	1371707	311128	637900	538248	440174	580009	1987246	1163466	1804311	657905	1602326	961883	2926610	1194648	1480874	1005947	1310778	2595456
 Palmitoleic acid 	4907085	4432305	10821123	13215066	2724814	9018144	3221731	4268896	4421821	7936260	5052291	2469668	2420087	2309731	6439667	2692257	3308562	1541412	1379568	2423686	1346775	2055537	1650096	891239	3479648	2626140	4245280	5615990	4546751	5203657	3592074	3637930	2305636	5553136	1584093	1713949	2195030	2504020	1464783	3431476	1786486	2087069	1338980	1465352	1774037	1152298	1782212	5218311	4693564	9749227	2784041	7254884	4166156	6829823	2942918	5038675	4179761	2323163	3019309
 Phosphate 	9329498	6534369	8174610	13135797	6392309	7101119	7221851	7830352	6352971	5148140	5854790	5788557	16935131	20107571	14147384	10498963	10586527	7038431	14969044	13437846	15086723	13985729	11637495	14241632	11127514	13207146	6116680	10449264	4451511	1528290	6427190	7558150	8422916	6724670	10752152	12591463	6184967	10056137	9556740	10673854	3420313	6218115	5427316	6759463	5594935	5940262	5412864	4437280	4383802	1890872	11492108	7007649	5977440	1533263	5190260	13240029	6161690	8259381	10049926
 Phosphatidyl Glycerol	487945	218355	370204	308202	206807	224063	328831	384589	73713	199954	361210	200949	374	2366	925	0	1223	0	0	1870	0	2881	621	0	1203	646	882	1623	0	4636	3631	0	1431	2384	0	407	1227	2663	1684	5741	0	3177	0	725	0	446	0	0	0	3144	1078	2027	0	0	0	2540	0	0	0
 Phosphoenolpyruvate 	11593	13347	9190	9714	7967	7124	11230	4760	3329	1269	6388	7751	6762	9777	786	1082	4197	6110	2087	1041	1761	1827	4312	3138	6526	7223	4147	4830	3223	982	1573	1321	570	3890	2384	1229	7240	14872	3374	6436	1997	8451	721	2417	1087	0	0	0	11248	4825	9586	6289	7169	0	2856	4498	2323	4359	8411
 Putrescine 	2805288	3771146	2656566	2377923	3039273	4359441	634948	170963	993777	649294	1187187	1178296	4707074	2030642	2586838	2099470	3423466	2661102	479232	1935952	1027738	462622	1425565	506827	3153880	2287491	2259463	4084200	2028778	910680	927342	1239584	935271	1009153	1444450	1390389	2174582	1811636	3327904	4160877	889308	2822663	596044	860614	643413	701386	468683	638943	2330969	1460435	1995916	2267397	2442097	169999	426130	334119	624965	216816	108164
 Pyroglutamic acid 	1506650	1325869	1587736	1889508	1371008	1582471	1117599	820137	1285369	1071115	1143310	1254964	1456938	1405597	1376185	1505215	1266273	964237	785919	919786	1028299	863538	884941	745399	1037139	1392376	986143	1615300	948344	559968	327905	555633	344515	388967	545968	517025	986780	1422061	1500552	1737202	668785	1245979	388733	565801	511564	463080	324848	300986	1619741	1153392	2257000	1669619	1680766	747130	1117311	1529264	1717794	1196739	1514194
 Pyrophosphate 	177121	62991	328093	380839	91030	72750	302108	341794	37383	25684	69998	24448	254235	592660	47435	36306	126929	90934	328059	72319	95112	228525	76802	192794	196926	688523	243339	195371	82247	44202	19724	39340	64538	82458	87206	167428	84644	1013957	123511	121627	36157	234477	14393	16553	29213	30204	12295	20012	26609	0	790263	112995	51413	13237	59138	740350	27432	347645	399663
 Pyrrolidonecarboxylic acid	950133	742006	905724	2330191	835476	764512	4875616	6045481	566391	702819	1968651	1039842	1110243	1785775	2761477	990231	704639	608285	1948092	685278	750278	1504659	697361	1610359	613201	596285	464680	748365	446789	220598	180309	312626	217565	266986	313670	279098	408536	1036611	456865	608812	256425	413837	157649	274872	224630	229896	140219	194218	1499447	638897	2384210	606032	520311	616158	847700	2563854	1218078	1903302	6198405
 Pyruvic acid 	245625	349425	269327	317901	272689	450349	170308	103738	123270	146263	181194	169597	364854	290093	356690	535342	127635	88883	172428	90826	113442	742426	52754	61658	186871	185878	167416	219557	154248	165259	113763	144451	88624	195265	82893	60226	115598	60386	383234	453165	54789	71843	50168	48383	85104	42256	49176	179109	170539	176949	257434	168525	150569	146083	126981	326367	114130	120815	76949
 Ribitol 	89898	152592	169886	157357	120083	98184	152130	141247	158131	116625	178165	154199	49239	43442	26134	23610	68903	33573	28763	18935	40967	29607	32956	32309	74988	33313	32996	40760	29217	26583	17431	36183	15754	28307	41828	19304	35199	78545	102443	146846	36639	76637	26472	102624	53750	47017	40399	25788	118235	78715	141627	72572	113794	88214	45169	255283	190020	88348	143197
 Ribonic acid-gamma-lactone	53581	61173	63836	113132	71530	50764	126313	70800	32344	38981	122138	79640	40642	76026	42262	41261	59781	31759	34702	26675	23605	24348	31154	32716	8120	21541	9141	13566	7981	6562	2598	5319	2594	2824	4349	3540	9800	11279	14181	14398	5243	8342	4713	5991	5838	6318	4978	5457	22388	9625	39924	16540	17366	18758	18452	32263	40504	25097	60617
 Sedoheptulose 7-phosphate 	159705	182414	104106	146430	184390	181115	174388	96156	161724	131742	258288	274432	61185	78557	59898	40968	48193	59533	38062	44955	54123	39298	35026	33897	49160	57911	40435	48855	22399	16905	27239	39071	35664	39741	41714	32392	56028	86499	121942	129202	22418	97871	38916	54098	34034	46416	31725	38953	124638	70117	203145	115606	126522	51416	134312	203629	153734	132990	202645
 Sophorose	434347	0	92709	189047	0	170114	246673	321456	19677	121167	198996	103684	22537	122718	48127	0	0	0	25854	0	0	0	0	0	0	0	12976	36199	0	3085	0	0	0	0	0	0	0	0	4669	21448	17885	0	0	3405	0	14034	0	0	30084	0	77790	0	0	0	0	102388	0	55367	122107
 Sorbitol 	6056857	6258959	6099315	6542215	5061674	6842258	3721315	3545631	3007338	3265476	3478182	4210018	2639323	2809574	3305069	2003463	2128685	1539839	1190916	1481119	2279689	2625487	1308713	1415285	2832481	3258682	1939834	3177548	1914177	992443	1502765	1444939	1206776	1082699	1860733	2440689	1724367	2223735	5499037	3771876	1091176	2070223	889722	1224196	1037399	1078510	806095	1039078	1466748	939277	2309806	2513521	2366377	596531	1877224	1406091	1691233	719441	1086276
 Stearic acid 	2481308	1586737	3364419	1168247	380012	4786501	972035	1616413	472457	1114259	359764	300982	1152252	1192176	1892719	594738	792950	1314987	168706	277349	345353	345793	174672	136230	3737592	2056668	3190439	6517378	4076487	9272888	1430543	1051293	1952901	4512361	1064957	914797	1564440	3968142	667982	2197939	3194862	1834099	199265	392246	348646	293126	421663	2199398	869591	1807969	480285	1140466	646135	2833395	747443	1230985	789015	1273097	2355516
 Succinic acid 	3308581	3938966	2863456	3955781	3384955	3445805	3548457	2872814	3219806	2863103	4800461	2756447	1933764	1721017	2220648	2288026	1677155	1274783	1509600	1571234	2415298	2304031	2179323	1591099	2831358	2551770	1968122	3425441	1938534	1549425	1588062	1811203	2128354	2335198	2308260	1843020	2097893	2373943	3157559	4020073	1266937	2341076	1220656	2074666	2802612	2386484	2065979	2193117	4430346	2017190	6805578	5950037	4437245	2969680	4595988	5983764	5791012	4988004	5523870
 Sucrose 	18159	27996	27639	26117	6835	11153	15070	20665	2195	16665	41229	95749	1207105	3640405	785849	206722	900541	476836	2302647	1411773	1192817	2141487	894545	1826985	1239040	2854364	1247332	1792418	619244	358684	980233	496658	870704	468512	958083	1601777	348923	1734752	918707	1120650	222122	634444	324006	134207	817569	259418	295107	424008	574574	380804	937651	897278	429073	364076	550521	1508989	500896	889488	1341988
 Threonic acid 	28287	54968	53721	40210	42304	35291	33031	30223	25943	26252	48791	31198	19121	20773	24467	26726	23329	14730	18779	17752	22853	27438	18988	15922	17343	20425	12897	27935	13630	10481	7983	28151	19799	24910	31890	26820	22385	27367	28695	40153	17059	27155	35829	59615	68062	55739	40993	51084	9380	0	16978	15078	16642	32817	71028	88560	64968	78833	101785
 Thymine 	23761	28550	29664	38898	30108	30414	14886	11293	19963	19150	17488	27407	53514	61511	59233	70426	47319	27079	35802	36255	41878	50588	37731	44544	30805	29583	34848	33307	25335	21551	16526	38441	16637	1467892	20614	21465	19306	36081	20544	28577	12337	18592	16111	25999	14931	21740	16102	22747	14955	24147	24355	19351	22658	0	9555	25199	18182	2935	0
 Trehalose 	0	70859	0	12098	158628	19667	8710	0	242580	0	0	0	12287	13816	6783	0	26251	7330	15439	0	5466	0	8771	0	9391	28355	23369	17519	46943	9775	5029	17573	0	17847	2033	0	4531	95482	81983	86092	10029	17146	6261	4212	13673	38124	11465	0	1162303	389365	1975319	1817926	489807	283217	1195899	3229732	3401616	2925836	1347603
 Turanose	1421111	965919	1322920	1729708	1592424	274042	2165963	1372259	2992977	2459234	152529	1637250	21009	27283	12775	6907	402129	14358	38399	48140	28101	25702	30251	37082	187646	214539	118118	199506	252347	42517	29359	50943	38298	43861	39720	46947	201289	360596	230595	240047	228583	85083	24329	51837	41472	38560	17825	31293	3018402	1888062	4397607	4803268	1086699	1283591	3255332	8790126	9122301	7939602	3551303
 Unknown acid 	731164	718043	1747144	1364921	754068	1056449	607220	1048619	641627	718027	674467	675882	745617	674028	267792	843590	1660700	856339	1542826	1487562	1136396	1535706	1188127	1337265	1105889	925885	1105938	935111	2547869	993610	802200	921527	673411	1357109	353208	477365	1161938	674404	463379	266997	808778	3768230	308104	934438	757994	619048	474328	512980	592807	637116	1136068	2252812	2027793	2877626	533610	904184	1108476	537302	559940
 Uracil 	443528	598329	667127	737869	608601	700050	564604	515698	1447703	1402121	616071	1625899	1538710	1146940	1876362	2042739	895328	717716	1680734	1949661	1953497	1775597	2006310	1978825	1877637	1803838	1246500	1990252	1734805	1035748	1670659	1972114	1737320	1922763	1430074	1534119	757862	945202	856793	1189398	725671	630696	851157	1211604	1654923	1413630	1021283	1426243	270832	538757	435620	608999	656135	214425	677480	781995	671051	192548	59311
 Urea 	1157685	2062735	1518294	673011	1237212	1881883	242943	201165	215670	111137	81267	51570	3751203	1567132	896817	3649746	2373245	2357472	437265	692136	382257	758426	410493	436484	3238647	2802872	2391094	3532625	2291934	1080197	254182	312517	414973	1039334	441933	479180	3662047	2731388	4706587	5067730	2245102	3042512	155286	694882	250501	463317	198136	338455	1424436	1990330	1399469	1538535	1752525	885624	291245	289222	294872	272924	337441
 Xanthurenic acid 	8694	6321	5973	4902	5162	4912	27353	15002	2857	2494	13084	6601	3126	4934	4083	5273	0	3266	6660	2784	4187	5043	2525	4523	3517	4121	3642	6929	5681	5244	3459	3953	6196	2957	9890	8299	2956	3126	1063	3031	2672	4810	2426	4556	2527	4407	1122	2944	4302	0	2890	4746	3441	6296	8238	8686	10059	7101	19316
