mb_sample_id 	SA018330	SA018328	SA018357	SA018356	SA018362	SA018367	SA018364	SA018361	SA018360	SA018365	SA018363	SA018366	SA018336	SA018350	SA018343	SA018340	SA018342	SA018341	SA018338	SA018339	SA018353	SA018332	SA018333	SA018352	SA018379	SA018378	SA018376	SA018400	SA018402	SA018401	SA018382	SA018384	SA018389	SA018387	SA018390	SA018391	SA018385	SA018386	SA018388	SA018380	SA018381	SA018377	SA018344	SA018346	SA018349	SA018347	SA018345	SA018354	SA018355	SA018335	SA018369	SA018370	SA018373	SA018375	SA018371	SA018372	SA018374	SA018351	SA018348	SA018368	SA018337	SA018334	SA018405	SA018403	SA018404	SA018383	SA018396	SA018393	SA018392	SA018395	SA018398	SA018397	SA018394	SA018399	SA018331	SA018358	SA018359	SA018329
group	normal	normal	normal	normal	normal	normal	normal	normal	normal	normal	normal	normal	normal	normal	normal	normal	normal	normal	normal	normal	normal	normal	normal	normal	normal	normal	normal	normal	normal	normal	normal	normal	normal	normal	normal	normal	normal	normal	normal	tumor	tumor	tumor	tumor	tumor	tumor	tumor	tumor	tumor	tumor	tumor	tumor	tumor	tumor	tumor	tumor	tumor	tumor	tumor	tumor	tumor	tumor	tumor	tumor	tumor	tumor	tumor	tumor	tumor	tumor	tumor	tumor	tumor	tumor	tumor	tumor	tumor	tumor	tumor
"1,5-anhydroglucitol"	3160	7620	10923	8009	15459	9539	3146	4691	18299	7694	3037	5230	5734	4235	5101	5310	12116	7815	4796	2145	16466	8624	8790	9674	1433	2431	8807	5317	7218	1540	6154	12272	5083	3865	10430	1213	4553	4928	7641	3186	846	6058	5200	5497	2370	6250	2225	2812	12536	10127	4274	9978	7007	10453	3379	2573	1321	4475	2557	7637	5883	4938	3722	6829	3275	7669	7125	2162	9907	4176	16128	4393	3965	1194	1810	5860	10136	4017
1-hexadecanol	462	157	344	251	446	498	398	257	572	877	264	280	356	490	353	234	643	321	605	435	231	476	261	179	307	512	624	231	170	637	317	517	270	538	520	506	632	313	404	294	533	314	285	340	203	543	407	952	244	315	196	221	158	383	193	426	252	1143	237	179	442	186	429	336	600	307	397	502	607	270	222	275	693	281	415	153	1099	262
1-monopalmitin	558	329	541	472	556	363	329	417	468	685	394	410	748	1525	358	388	613	409	292	926	490	295	299	502	436	548	473	342	445	615	322	618	539	856	591	1008	1018	400	372	426	602	825	421	491	516	396	961	405	370	374	449	595	497	357	576	460	513	1021	462	493	654	377	522	819	739	452	407	612	515	670	389	1064	856	836	617	531	993	1083
1-monostearin	960	517	733	716	898	479	670	926	1030	1212	647	596	530	1104	833	689	620	847	632	1200	719	886	421	509	573	1033	780	519	732	1219	555	834	559	1337	976	703	1652	554	475	706	516	497	727	638	617	808	1328	719	478	570	618	562	442	744	540	701	342	1486	600	409	455	532	436	923	534	571	603	644	1004	485	837	585	872	584	508	452	1389	933
238267 trisaccharide	116	36	119	248	71	119	139	156	184	129	73	83	66	147	124	83	105	116	163	125	119	98	124	283	117	256	136	321	139	148	127	147	157	378	237	156	214	104	180	234	126	367	99	89	71	1707	125	254	53	95	293	499	59	63	153	98	40	339	84	78	228	225	117	91	215	193	194	637	186	63	297	101	305	86	180	409	251	161
2-aminoadipic acid	97	142	178	254	96	147	356	206	277	301	185	103	761	155	259	115	212	264	48	190	110	255	136	29	1319	289	191	170	78	220	154	1	81	234	211	13	244	294	195	15	247	171	459	193	50	40	285	484	108	12	86	41	76	147	195	37	178	306	132	107	1040	226	242	143	653	132	104	73	70	121	64	127	2238	254	81	458	480	145
2-hydroxybutanoic acid	2697	7428	5462	8617	3994	4975	12678	7954	15154	7278	9056	7921	3683	1392	9098	8100	5820	4517	7933	3024	14579	20028	4939	3611	8919	14535	15928	12691	8726	2750	7658	6718	5179	4027	10216	6133	3167	5476	14509	13548	9791	11483	8700	8445	4383	6380	1919	15339	11062	4963	4550	2836	5864	5330	9790	10902	5629	4954	9960	5538	3396	11979	10602	18213	2115	8343	9518	2316	10308	5192	10241	4067	4486	4689	1754	7660	5314	2681
2-hydroxyglutaric acid	2046	779	484	569	373	658	776	774	494	700	468	418	997	481	458	1200	494	986	539	865	858	701	513	753	1007	834	602	486	1567	760	549	397	238	430	485	337	674	647	644	646	628	261	948	930	894	855	1126	750	1165	455	807	847	992	909	771	735	726	863	238	445	1415	1614	5290	290	536	888	1428	2529	589	888	2145	395	2337	3567	576	982	633	1217
2-ketoisocaproic acid	452	195	342	796	327	450	785	247	349	703	207	198	284	439	742	276	604	391	624	476	468	602	309	301	281	645	603	237	305	1503	573	392	427	636	626	754	1346	174	367	328	579	272	312	204	209	631	313	1155	222	219	296	227	190	219	265	764	358	1357	262	445	381	301	280	365	375	533	294	916	767	195	403	225	809	257	387	266	757	402
2-monoolein	324	173	192	362	344	243	291	251	331	1021	168	182	221	699	213	253	334	232	299	425	226	309	225	264	121	308	398	157	282	317	198	440	326	425	364	567	544	203	265	285	457	255	280	237	230	335	305	326	163	145	249	434	191	187	203	343	324	575	137	221	281	251	316	348	560	260	251	987	346	290	280	461	429	426	487	321	417	701
2-monopalmitin	639	595	420	494	134	504	222	357	350	929	572	756	68	246	433	158	284	629	563	2644	338	462	331	138	113	281	255	403	153	1027	576	319	168	763	318	366	1434	265	624	225	138	231	676	159	211	213	1358	339	97	159	459	246	82	300	456	438	148	1862	285	205	400	108	164	143	844	354	216	318	276	149	418	288	1490	244	313	228	464	1677
2-phenylpropanol NIST	1143	395	557	265	691	295	229	691	267	260	388	297	419	877	797	522	376	548	364	675	633	273	176	245	545	323	251	398	512	542	163	545	201	556	255	218	934	404	247	594	165	164	580	774	262	229	773	434	430	233	390	323	331	584	254	310	157	534	573	152	179	530	204	866	234	252	205	343	292	152	451	159	382	264	149	216	552	794
3-aminoisobutyric acid	2134	1374	1613	2406	2316	1770	1335	2448	874	2168	2186	2399	903	3203	1790	1534	2030	904	2144	1247	1069	1565	1438	1535	9609	2144	1596	1342	2100	2094	2198	1227	1329	1266	1433	2535	1914	1404	1272	1874	5017	890	4373	1384	1561	1911	925	1835	574	1282	2190	994	2329	1682	1183	1273	1150	2403	853	1405	1233	1414	1641	1202	3683	1876	876	1799	1952	580	1395	1321	1856	2958	850	1946	1877	1423
3-hydroxybutanoic acid	1915	3954	6104	6298	9151	1177	2113	10577	11471	11055	4900	15288	2536	1610	25735	11496	16080	14087	4912	1131	4681	20374	18065	11375	12952	56966	24940	17144	5473	939	4014	5593	4899	4262	1546	17913	3293	2704	10548	60094	14135	17812	5193	12530	15534	15473	1284	10578	2762	15926	6167	10004	10928	1067	6689	1899	7825	1791	6738	2389	2415	19170	7978	22114	1884	6308	7143	555	7667	7246	3588	2723	6481	20771	1421	3752	7865	1646
3-phenyllactic acid	198	101	115	179	211	137	136	200	199	245	108	141	139	302	155	113	212	145	200	228	137	268	151	105	146	238	189	210	140	317	180	264	286	262	231	1416	315	257	154	129	218	122	162	123	141	198	221	254	305	261	121	124	469	171	148	411	289	582	139	371	121	126	182	243	200	186	190	509	225	781	322	3147	343	255	196	188	342	189
3-phosphoglycerate	781	1558	606	1885	241	1070	1377	924	1583	1134	1506	1636	207	215	1625	1276	491	2038	2285	305	1605	1696	724	121	170	2255	1125	1121	272	502	598	318	587	6820	570	155	775	149	563	850	419	117	301	170	544	502	554	680	317	167	216	345	164	1142	190	444	163	973	875	253	455	839	553	233	171	446	826	433	932	385	1120	93	327	268	81	451	817	2381
4-hydroxybutyric acid	130	195	201	179	185	177	250	133	236	273	173	265	214	194	259	152	209	209	213	190	206	270	191	209	908	317	225	158	197	227	294	256	137	179	214	313	242	195	226	213	846	231	265	154	318	226	188	264	196	116	143	369	288	104	318	311	454	420	181	183	210	453	442	211	192	271	232	220	234	202	397	439	335	601	209	303	428	498
4-hydroxyproline	466	195	265	249	147	283	231	337	238	303	191	154	148	185	197	243	214	137	296	220	262	290	225	119	124	356	233	188	3434	333	228	206	153	292	401	2868	227	219	260	275	4680	187	231	275	244	382	382	314	150	199	254	202	120	199	4507	229	4486	542	187	180	220	232	168	166	254	260	306	193	332	220	173	177	339	4229	141	229	378	276
"5,6-dihydrouracil"	154	187	342	294	111	146	428	257	283	233	214	410	284	242	164	131	162	148	181	208	406	244	169	1131	326	370	230	191	253	260	239	221	324	158	242	808	233	261	208	491	1313	524	686	184	386	371	195	187	303	241	548	592	1372	155	1096	1218	1334	317	137	265	312	1622	809	222	469	847	332	423	230	372	1156	868	467	654	365	939	480	624
5-aminovaleric acid	351	363	392	520	443	383	342	243	371	700	401	512	662	560	388	198	344	377	214	562	410	366	489	383	4144	494	345	493	299	586	817	391	748	466	370	753	432	688	407	446	15913	614	391	245	513	341	263	308	270	594	503	367	458	222	429	485	710	700	405	490	637	389	360	582	731	567	597	428	346	487	370	691	502	590	1146	584	345	403
5’-deoxy-5’-methylthioadenosine	260	227	206	189	186	243	128	212	199	222	96	190	223	474	167	138	181	144	418	216	198	213	125	236	616	263	250	202	166	240	141	224	61	167	247	562	401	236	193	173	2586	104	377	211	333	199	283	320	381	104	434	292	384	446	374	370	802	457	131	362	257	371	636	161	194	457	671	397	317	173	298	312	506	834	276	357	394	487
5-hydroxynorvaline NIST	260	193	246	214	125	378	182	168	387	253	176	210	140	330	250	231	329	182	264	207	209	281	152	344	237	263	182	183	229	280	201	303	123	208	200	195	330	133	178	226	368	129	254	237	264	273	179	260	154	187	174	186	295	620	193	152	194	501	139	266	173	190	180	149	422	217	154	211	346	103	222	109	315	248	185	213	355	188
5-methoxytryptamine	668	170	151	149	461	148	165	124	161	387	127	135	105	211	128	158	133	109	142	248	192	182	178	79	86	163	264	123	97	236	123	191	88	225	183	264	247	148	254	151	108	102	107	110	205	647	196	247	102	449	123	133	92	107	113	134	82	391	115	128	166	127	185	280	162	140	128	130	241	80	160	87	957	85	454	132	428	141
acetophenone NIST	7383	2803	4583	1151	3944	949	1514	5600	1082	1458	3547	3171	3316	5803	6938	4425	1007	4112	929	7483	4076	851	987	3630	3885	1377	1037	3733	4181	1772	863	6580	553	6011	1034	956	10898	3899	901	4878	885	673	4443	4747	3890	1205	7522	1212	2687	3947	3510	2736	2826	4349	2333	922	557	2743	3483	593	623	3898	779	5241	821	907	711	1006	1231	482	5350	604	1396	4408	566	606	1579	5711
adenine	195	127	117	119	209	146	111	140	179	149	100	158	117	362	211	136	161	112	272	164	132	121	124	108	315	175	129	104	150	223	124	253	57	130	150	185	220	64	212	133	342	102	202	116	681	149	134	224	171	93	279	376	126	248	141	147	243	391	82	253	177	149	307	150	223	210	160	247	218	160	221	147	323	708	224	214	298	344
adenosine	2287	1469	335	491	1583	1492	2630	5343	915	374	576	1219	1354	10217	1197	4485	1675	131	3334	1769	643	3960	721	4904	5795	1062	1225	1087	11108	1587	280	3233	183	208	2052	1435	918	923	14809	1130	626	647	1423	6050	8063	849	2565	4798	5012	2026	5883	7129	910	4696	3690	3670	1052	1205	503	1757	2860	1921	2896	2411	2916	1472	1828	1943	4748	398	1087	259	1421	17770	649	1076	6338	1794
adenosine-5-phosphate	1377	1211	415	442	158	691	2751	1402	1032	247	153	532	1053	2046	3237	1189	473	574	6665	984	1723	2498	326	641	3352	809	827	211	4921	575	258	431	77	410	554	771	1288	750	609	1088	3668	146	4257	3633	3036	329	1126	3236	6150	159	2803	6235	392	10044	2703	3028	1795	1073	238	2907	762	1529	7124	113	642	2133	5095	5204	3436	371	8750	264	2104	14006	877	1478	1965	4347
adipic acid	1224	418	546	1008	777	626	511	819	1196	1273	404	1419	452	567	1519	493	881	515	771	719	3878	591	669	275	507	811	797	369	539	1324	428	860	442	728	776	665	1236	237	1183	578	740	486	442	641	454	913	952	1180	359	287	507	293	380	544	420	654	363	2245	363	421	635	519	775	802	514	959	698	781	1027	382	736	524	870	338	484	493	1428	667
alanine	131350	191406	186786	237594	163329	244586	211350	105817	174751	258190	223527	207571	331642	278511	197333	93628	211222	204865	142395	235993	232838	187991	216690	231689	367889	194363	176808	195999	130941	313590	386340	137101	328934	217765	216753	318071	164496	251617	169341	155460	429085	235414	194212	124016	413243	367332	123987	259906	321867	253911	233242	144526	293718	219173	372119	302849	308775	246554	269402	346215	333095	180503	273938	214689	461927	266071	222557	283017	155067	354919	188614	259589	362438	297069	321550	279980	158882	163725
allantoic acid	311	179	343	442	319	346	423	319	2140	980	218	222	186	217	455	231	820	571	457	381	450	1093	504	261	276	1070	846	355	290	467	1189	588	277	469	730	432	551	399	398	327	484	263	335	250	205	362	320	362	207	203	259	228	249	300	268	292	218	671	278	267	208	318	198	422	353	377	286	342	601	171	399	209	394	164	410	255	887	403
alpha ketoglutaric acid	12	44	16	185	89	180	58	88	69	2	87	78	60	133	171	162	143	71	61	130	136	276	124	54	86	93	38	68	64	194	145	145	30	181	243	106	297	132	149	110	90	72	61	102	110	38	20	25	102	71	92	87	121	64	59	171	93	431	114	68	136	85	59	103	92	148	190	179	72	105	235	66	321	112	82	23	80	160
aminomalonic acid	1415	2125	1540	1771	1374	2178	1815	1301	1547	1238	1228	1602	1557	1047	897	1316	1538	1174	1902	549	1239	1332	1807	1519	405	2124	1419	1177	2272	1153	1836	1160	2590	463	1922	2813	751	1478	2435	1492	2491	1557	1296	1622	1653	1942	984	1203	1246	1822	1928	1081	2519	1302	1592	2747	2505	977	1229	2612	2424	1614	4248	563	2704	1938	3108	2348	1780	2885	1500	2028	1748	2081	1903	2943	1107	1419
arabinose	429	442	367	312	389	468	494	278	423	407	317	431	395	600	394	277	383	205	446	320	344	388	219	847	444	348	295	258	377	381	224	378	223	231	321	590	407	458	501	597	585	513	589	350	409	294	382	495	494	349	417	457	221	461	440	455	384	405	231	602	559	293	425	567	756	267	467	634	308	243	434	563	427	709	414	688	537	489
arabitol	222	157	144	203	209	395	154	90	177	53	170	131	254	107	165	172	212	244	200	155	181	235	170	148	302	263	225	72	60	179	11	174	51	164	212	140	187	144	178	186	178	217	193	280	349	239	215	258	482	136	302	209	146	331	298	147	144	387	149	375	342	213	418	117	343	191	79	404	257	139	237	234	215	150	130	303	270	208
arachidic acid	5904	2804	3020	2770	3874	2442	2381	9883	2783	3155	3395	2958	3132	6779	5258	12144	2161	3569	1851	6263	4554	2093	2522	2151	328928	8549	2149	3701	3210	4617	2550	4768	1603	2733	2406	2010	7405	2471	2822	4102	1798	2013	2366	3899	2055	1887	8623	2635	2075	3170	2421	4566	2006	3255	2791	1870	1594	5209	2575	2180	1977	9008	1540	3689	2636	1935	1747	2122	2829	1021	8169	1568	2805	18376	3235	1307	3816	5193
arachidonic acid	4659	6930	8308	8457	36458	7203	4821	4258	1715	599	6267	15700	19885	11273	5193	6280	4483	6299	6041	35138	6654	1951	8366	14403	2179	705	7512	11069	2527	13681	1272	16367	17231	4947	2096	31907	15224	13563	10985	12975	13698	30935	9946	10326	12578	12162	18657	4510	7696	22615	14774	25803	14417	4405	12573	10171	5579	12644	9263	11296	19911	10128	7798	25971	8230	12418	11775	12050	6466	29660	11732	42215	38386	9474	17314	13490	664	21398
ascorbic acid	111	76	104	203	112	214	337	108	343	26	82	70	64	174	205	96	296	226	217	135	172	319	152	134	75	104	230	166	158	229	89	170	72	140	118	189	176	157	286	112	67	104	82	78	96	170	138	181	72	137	91	4906	52	139	54	148	88	365	85	92	90	91	87	170	91	120	149	186	257	101	124	125	181	231	137	104	275	117
asparagine	5078	5189	5814	8040	3438	5129	5126	3405	6276	7371	5524	7926	6243	4749	5423	3108	5136	10869	4196	7766	7366	4819	6778	5286	3925	8872	3827	10526	5744	8344	7594	3800	7487	8587	5380	6887	5365	10607	5009	9178	10114	3648	7598	5138	5311	7259	4546	5993	3178	7094	8754	5640	4436	5057	7898	4693	16618	4530	6612	5113	6436	6400	7973	4068	9204	10242	16598	6934	5467	6673	7849	9375	6809	8639	10503	8953	6338	7204
aspartic acid	112438	51978	65360	46324	21637	48402	41772	67110	37293	39784	49614	39302	29709	28900	27786	69430	27925	37692	61905	35623	51611	51261	38417	16219	10549	67176	39649	49997	72336	32343	42860	42286	25522	67168	60245	15513	33639	40482	47181	59511	20966	31302	60815	85420	63051	29116	100430	43247	38805	46386	53749	48349	20056	42635	45650	28611	32750	34949	45855	38079	42019	52598	25702	13292	34624	68819	68361	41145	59991	45543	30543	26902	30259	27866	13627	30918	83402	74111
azelaic acid	203	113	95	128	143	248	269	154	317	194	189	83	78	131	122	152	239	296	317	257	294	52	90	91	288	369	255	148	111	99	70	115	146	671	281	37	119	90	269	166	165	67	148	119	143	273	114	168	148	62	126	66	62	221	33	131	51	564	137	54	143	107	180	77	166	202	213	254	294	116	71	59	242	76	137	63	358	190
behenic acid	1144	851	429	1040	731	725	862	920	1113	1236	520	499	658	959	804	944	901	522	1021	1347	666	883	731	1182	575	1149	878	840	1879	1516	653	1331	536	1120	910	717	1969	454	2638	551	779	583	773	1009	1429	696	1795	1291	917	397	1258	452	389	941	762	925	296	2149	420	731	698	520	632	643	666	746	839	866	1124	467	692	576	1240	2899	468	570	1698	1272
benzoic acid	16449	7807	12224	12406	14458	13068	10447	14106	14727	15334	9814	8178	7001	14188	14491	11917	11561	11301	13623	16524	14288	12683	8150	6267	8462	14354	10486	9511	11421	17708	9178	14626	6160	15191	12427	9035	22353	8167	10688	11695	7536	7286	10043	11913	8638	12116	15144	16077	9146	7362	8391	7953	7653	11378	8842	10404	5564	27569	8640	7650	7373	11214	8443	12035	8997	9142	9663	10765	15107	6643	14743	7203	16509	7049	5206	7539	22130	15432
beta-alanine	3506	3734	1669	1904	2188	4910	6807	8830	2322	3766	4733	2579	2291	2526	3312	3430	2880	1750	2791	2608	6189	2144	2953	2058	3531	2506	6651	1869	5328	2629	4195	2399	4044	2238	4327	2547	2535	4896	5602	1950	4897	3691	3138	3519	1603	2874	2155	3714	4201	2374	4409	1370	8582	3310	4969	3752	3450	3148	2826	2016	2318	2234	9283	1451	2460	4665	3718	2807	2856	2027	3448	1989	2898	6157	3370	1277	1931	2808
biuret	183	127	131	215	158	259	335	159	584	641	120	118	75	163	211	119	411	1092	227	193	227	829	182	130	200	416	349	221	190	236	284	499	149	237	337	361	619	285	262	196	153	128	157	141	118	195	169	291	104	141	134	113	108	165	95	170	87	402	149	99	112	174	189	121	157	260	219	139	702	102	224	78	309	88	75	128	503	215
capric acid	4483	2906	3588	3561	1888	2536	2937	3864	3107	2417	2811	1986	1217	3188	4231	3661	2653	3019	3736	3890	2927	2492	2099	792	1990	2655	1935	2388	3261	3645	2168	2843	1515	2050	2411	3277	5282	1865	2508	2672	2005	1240	2806	3921	2186	3242	4207	3749	1947	1152	1932	1569	1159	3139	1637	2316	1312	5684	2081	1742	2289	2270	1933	3091	2340	2036	1761	2409	3211	929	3353	1392	4408	1681	1645	1995	2826	1860
caprylic acid	2014	998	1862	1499	1244	1907	1182	1833	1399	2567	1259	845	604	1719	2310	1429	1297	1544	2299	1682	1404	1485	730	528	880	2503	1123	1237	1540	1415	1228	900	903	1367	1205	1483	2440	815	1429	1329	605	357	1049	1750	1038	1332	1515	1546	930	608	806	794	942	1395	767	1254	719	2875	1169	959	888	1421	671	1356	1060	713	831	1226	2122	1149	1512	1131	919	752	746	1047	1291	1126
cellobiotol	3037	1207	5384	3200	1553	2414	1632	1583	2107	4539	2133	3626	6873	16476	2385	1360	4171	3770	890	2777	1789	1555	4254	33326	2061	3025	2323	5025	2215	2856	3545	2081	5303	6172	1912	4130	3561	5484	1953	2413	644	2520	1491	1786	5371	6832	1723	1087	4673	6566	3520	24670	838	2870	3026	3581	356	6849	1409	684	7741	1090	827	2936	14909	2843	3799	15372	1064	3408	3427	7374	4044	2758	10446	10164	3292	3028
cholesterol	133898	86519	134294	128740	129534	143742	127629	135710	131946	145096	79266	91021	81160	216152	97051	104659	96336	149062	114114	261217	125071	141784	95402	100110	100284	185634	120777	110445	149452	218917	120391	151534	59188	224130	185769	111720	306399	133711	114677	143051	133376	87477	154350	83416	87940	114556	217174	106107	146578	143023	100432	125842	84418	107109	129383	106890	85852	282826	68987	122731	103291	106259	143832	115202	108556	137266	85504	130953	199651	77357	131413	91863	152065	129300	99553	82223	297149	215536
citric acid	2640	4272	4403	4075	596	4856	8055	4631	5148	2756	3224	2549	1198	684	5324	4008	4530	4856	5304	3599	4489	8209	1342	1530	1915	2027	4209	4968	3903	2631	1069	857	356	4461	7468	877	2980	3048	5850	1634	425	1116	3624	2960	1227	4317	6264	3676	1173	673	918	1242	724	3707	2600	1958	424	3082	2223	420	2606	1048	2314	599	959	3416	1742	2308	5530	505	4807	297	2471	2098	769	732	10737	2036
citrulline	454	273	472	897	733	498	666	392	517	1059	446	768	241	227	632	362	680	1512	608	1039	732	411	645	474	362	646	383	1001	356	1071	818	259	828	1830	330	468	738	691	589	441	477	366	443	146	240	573	474	305	346	223	479	305	213	345	298	619	266	1135	472	345	265	347	444	417	399	435	369	467	464	626	473	595	669	298	400	597	702	422
conduritol beta epoxide	47269	65636	12692	34740	13062	10720	9180	34117	8548	8485	17365	16077	10260	21065	11746	68490	13950	40970	51269	9671	14193	26962	34960	13004	15465	16185	7604	6330	15771	7808	6450	6433	13293	14096	16757	3831	13303	6739	12022	21800	4385	5045	31368	46239	15972	67587	11440	11399	41214	30010	32733	37580	7263	14103	9055	20603	4860	25789	11611	12110	23455	32997	14141	7101	19094	9204	5647	37555	5729	12879	22154	20211	10394	7098	9527	31864	10644	34308
creatinine	4677	12204	7873	7260	9335	12936	7194	11353	9957	8556	12561	10248	6778	17344	7220	11533	7736	5506	11575	9599	11643	8488	9798	11446	61530	8062	9270	7722	9772	6962	10217	9979	24372	3152	16352	14422	6742	8883	18944	17496	74744	13935	10268	18155	12441	10775	4405	13751	21591	16999	17797	14837	4941	4677	24828	12435	24336	8187	8267	22075	18655	19480	23736	7615	15043	21469	7655	22965	7072	5946	25691	17785	5715	14309	17898	13885	8808	6278
cysteine	7043	8542	5601	7732	3694	4353	5571	3253	2079	1261	4945	9859	7486	6172	3796	7695	2160	4664	5306	6615	4396	2031	6085	7775	4045	2036	5613	6548	5839	4604	886	8164	3833	7202	1502	5168	4687	4570	10054	11106	15057	17289	6316	7794	7963	6058	5511	6837	8955	5234	7862	5248	6934	6493	7668	13494	14399	1640	6341	9194	11434	9481	6531	2523	6661	6913	10896	11471	12873	5408	7779	2959	6715	12450	10024	13513	897	8268
cysteine-glycine	395	138	398	529	190	152	305	201	349	559	203	124	188	226	164	186	193	215	156	494	315	218	363	105	176	188	257	251	221	412	267	757	85	182	150	159	401	108	177	337	152	146	179	189	132	186	770	212	117	119	137	147	126	137	102	173	187	428	203	96	123	136	143	194	253	174	123	453	160	98	292	122	439	141	620	208	537	294
cystine	887	1103	2252	4694	676	1570	2646	988	595	1748	1444	2333	558	465	840	2324	1596	1233	1121	3983	1355	580	3185	718	283	906	733	3821	2075	1730	365	1312	873	2104	599	516	1018	615	2536	2781	592	685	2059	953	377	2943	2617	1284	230	794	971	557	1508	1130	609	3243	1323	1146	4120	1011	1004	609	376	964	1061	930	745	1665	571	382	1696	375	2917	799	1177	1438	731	1032
Cytidine-5’-diphosphate	3802	6168	4052	1731	15271	9358	1114	5835	2115	1581	6976	6863	4579	8297	1731	5194	4611	716	1850	3181	1763	3923	9126	7159	3930	1806	6391	1889	2610	2554	3084	4999	2755	1063	7910	4901	2577	7884	12793	4525	1389	14108	3748	5917	5122	3163	4198	2230	2147	15437	5693	4956	3297	2319	6925	1866	2444	4106	6501	10224	11817	2993	567	6717	4472	5900	2863	1194	4990	3422	1172	7117	1933	2945	9243	3786	2489	1504
cytidine-5-monophosphate NIST	2242	1073	578	629	206	700	1239	1708	806	9362	267	469	987	3087	560	809	491	375	1617	1305	946	1046	251	1145	508	703	776	1599	1458	571	184	826	230	550	1346	1217	1608	1169	914	887	2981	379	2236	1718	1788	923	1757	856	2671	462	1824	1992	443	2383	1722	1786	1875	1194	244	3298	1179	498	4111	300	2525	1856	3003	6609	1649	553	3470	680	2077	7371	2488	944	2237	2666
digalacturonic acid	413	259	440	372	272	350	236	283	264	427	262	339	561	1287	235	203	384	332	166	363	207	298	430	2151	204	320	294	297	291	516	313	414	418	797	353	390	533	382	365	306	120	293	231	253	320	607	347	229	372	596	360	1604	173	264	288	344	140	708	206	128	754	211	194	310	1126	301	313	1099	246	329	286	607	398	185	764	781	495	370
dihydroabietic acid	536	200	560	1054	253	368	727	583	657	867	104	246	315	154	401	519	353	240	629	383	316	597	407	172	839	669	374	206	184	1245	409	155	465	357	918	743	718	196	673	247	954	383	257	482	166	541	595	815	387	175	169	168	299	137	133	859	268	3096	258	278	440	442	469	542	456	513	618	724	630	320	376	430	707	230	351	561	1418	535
dihydrosphingosine	504	251	619	492	203	275	212	333	250	434	321	307	111	278	373	204	354	345	366	329	503	304	331	163	98	390	190	1346	409	882	300	464	196	383	224	274	729	459	262	182	105	131	143	202	153	220	202	366	95	223	182	223	99	161	115	221	88	1028	276	172	169	109	127	281	229	145	201	289	225	300	326	196	388	115	297	168	586	824
dodecane	502	515	651	936	1014	950	571	774	759	723	752	338	273	1259	1125	820	660	667	586	1513	1111	676	714	558	527	661	626	696	577	1245	304	1068	405	1328	835	667	1813	542	409	601	717	385	743	774	1370	1037	1277	1185	651	624	568	511	336	859	401	458	210	2179	527	581	521	678	425	638	529	422	317	636	976	249	1180	521	1410	364	252	362	1553	1281
dodecanol	779	412	570	380	620	542	439	739	558	833	480	394	889	651	707	690	822	506	746	912	522	418	354	306	524	509	592	354	457	743	349	655	222	610	524	361	1139	444	394	469	200	272	452	528	407	523	895	582	355	386	296	333	329	600	344	541	204	999	431	249	349	445	386	512	386	368	408	438	489	149	639	123	722	333	255	400	925	602
erythritol	268	446	506	482	472	899	721	390	652	306	402	486	425	425	898	505	631	654	654	329	431	555	476	474	1063	392	722	263	796	251	166	548	272	297	356	751	465	554	530	204	695	409	666	300	409	616	336	316	581	412	211	523	610	866	668	932	428	660	311	251	241	434	827	621	292	397	456	414	644	314	1085	431	484	520	205	478	516	413
erythronic acid	162	142	132	234	198	201	147	123	212	260	156	175	108	435	171	110	202	156	139	230	214	210	213	93	143	207	132	217	125	214	166	145	197	247	146	268	216	196	202	171	301	226	176	169	336	232	229	305	220	248	273	408	106	142	195	214	273	394	172	310	222	151	96	118	357	349	300	227	202	199	172	127	197	234	268	144	298	247
erythronic acid lactone	2118	1067	18564	22556	2833	11760	18923	11096	14855	25319	16104	2866	2944	9270	12203	8964	21845	15731	12010	20959	5400	13600	16119	1842	981	21930	14406	7176	14603	27362	21800	13476	26101	23826	16341	3569	19171	18454	11254	20489	2779	17149	2803	3041	8776	19943	11218	21546	4130	3599	7913	8899	1543	16328	6410	16866	3167	14479	20731	7201	4347	3155	12548	18474	1925	4482	1205	1811	19188	17394	884	3116	24844	5856	4121	3934	13231	345
ethanolamine	45525	48582	25034	50955	49370	52305	61016	13661	37610	17061	34596	49941	51482	27409	16815	32654	42274	20898	22812	27854	28128	47606	41100	35094	11661	55513	34773	74839	61513	34747	38899	63556	44742	13074	50260	66774	3817	37782	81292	59966	37415	27253	16118	31212	34705	34107	38449	26376	33454	60155	37673	39511	33052	30465	49087	90414	23603	14653	33271	43845	49834	54521	32002	198891	50848	29932	58669	40242	54471	94341	27738	79447	36480	53478	48249	42303	67522	33974
ethanol phosphate NIST	6080	4114	2557	1591	2421	2220	3223	2761	1467	3443	2011	115	2456	8737	270	3572	1257	1940	210	6251	2248	3468	1803	1261	1633	3942	2656	3817	4346	1953	1602	1731	292	1602	4426	2064	2462	4146	5594	2595	1078	3114	1995	5468	165	2576	5378	960	2160	2616	140	700	2662	2181	2421	3057	2839	2293	2538	7189	2357	2738	4147	1175	6795	1015	6127	255	1871	286	9134	1310	1408	6791	7110	1920	5267	2183
FAD	188	104	119	126	144	103	89	129	140	179	115	75	150	375	117	118	96	71	155	130	93	110	121	121	107	121	100	51	86	165	88	118	66	146	138	208	211	97	149	116	274	128	73	114	49	137	212	260	106	161	167	135	150	101	158	169	81	310	76	130	256	130	154	102	101	207	96	144	193	113	98	134	213	56	185	196	264	189
fructose	666	308	341	320	4066	607	542	388	381	561	377	211	590	2565	489	341	570	379	335	395	368	1067	442	2782	2796	452	410	536	475	564	353	359	272	356	514	611	1905	665	489	389	408	623	429	1931	858	388	554	303	438	292	472	467	190	362	557	538	368	940	469	150	799	484	2715	2583	443	324	217	5317	302	684	389	949	539	950	1044	735	423	784
fructose 1 phosphate	153	109	184	177	147	210	215	125	187	293	141	83	105	150	117	112	166	97	141	119	126	142	107	208	165	380	158	205	183	357	192	183	110	213	258	183	209	175	131	153	129	176	180	115	99	136	490	139	76	119	94	133	50	124	293	270	83	284	135	120	105	121	112	134	99	199	166	196	185	131	163	102	169	301	161	144	472	214
fructose-6-phosphate	404	254	1253	677	115	1193	410	858	352	1559	806	450	87	146	193	135	392	777	228	1836	659	213	1251	891	135	1622	352	1142	457	1527	569	138	166	1200	1183	150	612	1246	706	710	103	1245	916	736	110	911	2047	145	85	180	309	776	525	122	452	285	105	1036	1375	110	696	183	146	260	1200	1741	154	203	204	54	174	72	555	516	1522	217	402	643
fucose	538	342	587	700	452	513	398	363	576	692	505	607	613	954	707	355	515	753	665	721	512	535	463	487	1256	530	599	681	511	793	477	588	489	737	510	901	806	462	525	508	4380	520	802	446	651	846	451	682	352	520	611	813	923	341	1485	669	931	910	331	760	659	745	751	725	814	1014	571	798	577	500	2969	835	825	465	583	979	1231	955
fucose-rhamnose	933	1307	1430	902	752	1076	668	715	1228	1078	906	1499	1295	4598	1604	750	954	828	971	1227	621	1013	874	1019	4121	821	1022	1929	625	1243	1050	972	1125	1046	859	2714	1277	841	1026	762	16205	2133	1405	1234	2637	1183	700	1083	1694	1124	4828	5249	3680	1627	5871	1546	3195	1821	739	4122	1067	2098	2706	1670	2620	2437	1080	1533	1013	1944	9947	1836	1364	1882	1035	3307	1332	1957
fumaric acid	4854	4616	6448	6596	1896	4178	4832	6348	7090	2460	3348	4519	4038	1707	8543	5674	4888	4727	5401	2216	5483	6099	3391	2746	4186	6698	7804	3784	5181	2316	3030	1407	1609	2188	2574	1716	2762	4866	2683	4402	5485	1516	6670	2037	5340	3274	3435	2685	5734	1479	4346	3830	5609	7983	4172	3643	1431	4199	5839	3730	6118	4625	5870	3911	3434	4868	9302	3988	7245	3428	5730	1344	5563	8965	1407	3248	5060	5406
galactose-6-phosphate	219	122	335	277	112	358	194	331	149	197	305	167	69	121	111	116	206	204	144	494	260	138	287	186	60	312	199	242	149	282	239	115	81	386	433	133	306	347	313	134	116	404	278	287	92	261	624	189	58	103	126	265	117	95	175	130	75	582	346	75	188	60	74	143	334	440	90	120	157	61	125	57	244	155	409	86	267	225
gamma-tocopherol	653	323	593	337	160	523	244	343	291	290	449	219	202	1946	388	413	506	155	482	1800	327	203	264	637	165	201	351	197	178	447	181	234	180	760	262	347	1002	282	308	498	656	453	799	876	394	354	1510	349	411	377	795	351	213	271	909	640	125	678	169	340	310	331	411	193	1013	270	345	440	244	364	404	264	1309	272	767	187	469	876
gluconic acid	316	232	240	683	3159	856	298	280	354	523	415	269	230	176	830	171	448	209	127	344	723	230	488	113	148	496	498	521	163	377	163	207	179	440	183	102	293	135	947	336	147	339	427	137	158	226	259	247	60	163	135	145	111	201	144	200	87	431	381	69	376	130	77	437	94	169	189	167	334	69	226	83	325	140	306	150	254	403
glucose	91279	328908	290497	233427	234118	437108	658379	244781	672763	246448	304284	210479	94874	34602	461706	362020	741723	517041	586900	64386	251291	776327	409632	552857	206334	188151	451792	423660	378976	87231	296322	295804	173651	228184	485717	187746	69525	383332	341703	154493	11531	290901	299642	291448	132722	169476	44504	488393	37709	234406	41132	125626	34810	407521	61252	205919	979	156077	327708	7108	146538	24402	3875	423505	54092	126720	157450	67792	442854	152098	41972	153459	50105	69243	278829	58746	259922	58038
glucose-6-phosphate	317	139	712	226	115	506	265	377	241	895	506	216	54	258	140	130	179	480	167	806	302	185	805	445	84	796	203	325	127	780	407	126	118	803	592	216	460	571	274	378	151	899	454	395	124	620	951	131	72	106	166	377	343	102	220	144	60	520	794	76	362	129	102	186	639	933	107	128	164	66	170	59	500	233	613	87	389	308
glucuronic acid	144	146	177	228	88	451	255	169	506	170	168	183	131	121	326	218	237	270	244	223	202	460	217	183	323	397	314	362	158	192	177	250	102	203	237	175	159	84	230	176	207	155	233	130	117	279	266	320	113	171	133	104	110	411	278	290	208	258	100	161	165	207	277	308	181	219	156	206	385	142	649	136	191	208	213	115	425	207
glutamic acid	81891	102997	74259	69311	41885	86488	90974	91601	53383	62736	78455	91857	62791	104230	56236	85098	46962	53616	82546	69837	96429	58609	62272	56006	41418	77699	53140	77294	85957	58246	51494	58601	42247	76571	92332	39658	52859	67982	95683	90355	59435	63051	141181	119224	108953	70422	116500	89787	131771	69266	127935	116772	88541	77727	96968	90328	130090	42679	69263	89886	113204	107347	136512	25694	134404	145961	117848	85745	87545	93533	109727	41074	86278	204364	43788	88116	93610	79574
glutamine	9102	8102	13966	12588	7472	10876	18010	8652	14533	15589	9181	11032	7716	11480	12887	9242	10504	74010	15336	10418	20872	11345	11458	12524	18044	10567	8507	19091	11204	15248	8684	13788	8617	27264	12144	11578	14726	14261	12062	13669	15109	9000	18537	12738	13289	17830	6682	12795	6776	12933	17999	8536	12670	11907	9628	15832	9127	12194	8334	13128	9352	11158	10569	6428	22345	13160	20151	8751	15603	8860	13475	7155	15837	7416	11583	13068	19315	8741
glyceric acid	8066	5170	4138	8950	4716	6088	3546	2854	4296	4784	5366	4320	4219	7893	3174	5746	3279	3696	2510	3556	3982	4708	3379	2810	3891	8661	3409	5128	3156	4344	3600	5942	7045	7022	3875	4301	2857	2040	7796	8936	4243	6341	3325	13459	7881	6541	4790	3566	14816	6455	9894	3781	3046	4016	7958	5020	3099	3450	4541	15749	12393	6907	10042	5902	11675	6633	6207	4594	4765	8150	3635	5532	6989	5532	1764	5095	4809	9259
glycerol	26722	19571	14676	19688	35885	19409	15080	19126	23032	21813	18169	21655	37857	19092	10399	18170	21208	15190	16914	29109	14565	19244	30588	23336	22645	39014	28381	18231	10999	20513	18169	23756	31627	26173	17302	50130	17768	17629	28546	24209	47966	39403	18831	16447	33524	31663	20452	21291	19458	29716	20646	28141	30896	9231	23557	26749	27538	27167	26547	22739	33507	42761	35588	30036	24854	22339	28885	22184	21381	53441	27707	48116	23129	20146	28739	32113	18874	29397
glycerol-3-galactoside	322	156	234	254	292	187	180	149	479	367	130	210	919	508	458	151	235	171	177	367	180	222	430	540	141	238	230	220	187	392	293	424	2012	1534	155	1390	333	267	220	203	1381	447	204	141	321	408	225	195	381	551	218	1269	265	383	574	382	197	291	177	269	905	261	397	250	515	402	392	1141	345	9581	307	6314	494	281	1164	499	327	606
glycerol-alpha-phosphate	12968	7762	2118	3603	3459	5118	3577	13731	4383	5214	2597	5754	4288	57518	3168	6728	4117	3169	10208	11622	6045	6538	6264	9074	6347	6932	7816	3776	5284	4769	3303	4053	1070	2828	7221	2938	7348	2451	8816	4504	2427	7236	21441	8749	9721	3462	11786	8722	5756	2658	4511	7161	1289	9561	6237	4290	16164	8935	2974	4622	12965	7756	16963	3321	14420	4488	3415	1958	11658	986	24234	1221	6796	21887	16199	2197	8238	10072
glycerol-beta-phosphate	428	195	228	229	151	225	218	352	352	242	213	187	163	346	188	253	225	184	253	245	192	299	217	170	174	240	234	169	220	247	148	213	104	244	317	171	251	149	298	253	191	622	367	224	205	230	335	384	222	158	223	233	133	251	207	297	135	619	211	189	297	320	526	146	240	270	183	358	353	148	287	177	309	276	119	148	355	373
glycine	343844	451864	407206	278470	370195	350159	303435	359453	263643	309347	398007	406742	440113	252623	261592	375371	328256	285281	333619	230100	335552	214010	404506	333181	199810	312341	281158	334983	409330	283014	307366	330057	407954	315177	341913	337636	302467	366643	363738	387897	422694	389666	347964	383324	304729	458297	211514	348408	286969	371009	363569	232527	620434	368590	352185	325012	492433	249864	397459	428153	401354	412442	591048	236692	388012	299000	558356	283873	277377	402366	361448	305276	416843	393782	258549	437736	282010	323169
glycocyamine	181	162	154	237	168	198	155	198	265	152	159	179	117	243	235	144	137	267	213	246	276	177	178	190	189	292	190	189	176	209	170	244	96	255	277	201	225	147	268	228	718	226	299	232	171	329	155	270	134	257	221	207	99	181	78	173	54	354	173	229	189	321	330	151	163	326	149	423	227	87	312	184	287	270	212	192	270	203
glycolic acid	2349	993	1180	1233	1040	1469	1331	1502	1623	1594	1327	769	935	1327	1192	983	1589	1128	1644	1780	1398	1519	741	262	937	1992	1157	1117	1260	1858	966	1427	824	1649	1548	1005	1610	1002	1642	1253	895	1059	981	1488	838	1830	1029	1357	1415	856	1134	748	1200	977	1464	1226	544	3513	874	1384	1792	1164	1513	1110	1479	1065	797	1562	1725	1581	1534	1185	1608	641	701	1231	2369	1709
guanine	3729	1724	4873	4891	6745	2999	2005	2296	3483	4363	4635	3872	5001	2279	1320	1722	3318	3695	1439	4970	4735	1597	5899	5208	1104	5811	3305	5559	3145	4776	5639	4444	3364	1471	2885	5349	3487	6249	4321	5897	180	4814	3903	1455	2560	5320	2733	1000	1609	9037	3879	4114	7486	839	5696	2172	4363	3048	4491	2003	4371	6658	2249	7981	5436	2794	3326	2036	2124	4309	152	6083	2717	3591	812	2644	2302	2168
guanosine	7374	6871	4671	1715	7466	4808	3442	5899	2308	1700	4042	4882	3666	7646	1495	4917	4295	2121	2289	4712	4578	4367	3630	6470	1366	2366	4546	4512	4964	6920	1304	8648	903	1063	6315	4536	6522	6985	7253	6745	299	5590	3493	4376	4965	4555	9420	2463	1339	6662	4450	3838	5337	1488	4955	2902	3699	6576	3819	2028	7326	6417	1543	5245	10592	3648	1252	3887	4025	2186	1195	3066	5256	4277	3174	4333	5151	6303
histidine	2823	4268	6662	8920	2810	4950	5934	3056	7866	11098	5254	7165	4453	1803	7158	3060	6616	19073	3908	14991	12508	5135	5896	5480	2319	6184	5463	15275	5574	13668	8719	4323	10406	19969	3134	5465	8134	7405	4454	6882	4022	4143	6716	2951	3693	3840	3768	4005	1709	4527	5793	3210	2966	3406	6257	3892	5903	6495	6905	3445	3263	4119	1608	5401	5940	5651	6758	4957	2852	2894	6944	3000	5910	4735	6005	5801	3979	7387
homoserine	112	135	92	171	112	170	184	124	125	192	70	99	76	204	140	118	141	104	172	130	139	172	164	78	156	196	100	112	137	183	100	154	72	115	150	149	183	92	131	100	366	105	191	86	111	198	151	168	123	93	120	89	124	193	145	194	144	369	82	100	125	143	148	117	135	188	214	166	204	83	106	135	181	127	84	106	244	110
hydroxycarbamate NIST	815	397	749	428	691	693	382	581	544	768	377	323	477	742	591	625	511	473	458	588	381	560	335	321	319	542	651	212	436	668	355	530	244	493	339	467	570	353	457	293	319	289	490	649	591	343	763	505	586	297	229	418	407	489	342	630	210	1294	515	189	360	601	368	526	571	352	423	467	385	397	365	419	626	390	244	298	892	730
hydroxylamine	11435	5177	8406	6141	8691	7022	4997	9313	6030	11411	7656	5290	5650	10963	11864	8462	7222	6288	7914	14594	7291	7646	6688	4471	8632	5574	8090	4658	5582	13062	2971	7971	2396	15839	3461	3993	18336	5555	5514	5473	4401	3217	7439	8040	7117	2936	11257	6843	5482	4530	4237	4514	5139	7876	4251	3959	2231	21778	6566	1950	3478	8096	4425	10794	5128	4927	4037	4631	4403	3222	6712	3645	10158	4294	2647	3804	17256	12016
hypoxanthine	40889	23237	56682	49442	91181	30771	27319	22521	50533	47936	47408	45532	70493	49560	25287	22134	35107	63989	23854	43671	57333	19640	72702	65746	13953	57134	38548	49151	35963	41167	76832	73201	59932	28657	32028	89091	32915	76391	26491	65913	60114	58173	46126	25314	49939	57764	24899	12305	19089	103280	68438	60578	75809	17027	70709	40312	49200	30326	62711	42291	57583	66090	44384	65866	63125	58146	51936	51216	35121	80675	43183	121924	37352	39188	59644	61220	28450	36258
icosenoic acid	632	347	527	927	344	408	663	583	777	1549	453	743	699	269	666	530	596	635	707	641	610	695	702	522	583	959	691	384	470	1073	560	634	576	1593	608	2943	1070	458	772	493	320	544	462	683	232	967	887	648	262	495	345	349	798	383	572	850	230	1592	264	487	457	591	180	458	277	360	769	965	556	3086	757	1149	996	1396	1119	600	972	1217
indole-3-lactate	164	200	267	240	254	353	216	219	203	166	144	201	123	163	291	317	255	241	253	289	249	218	168	184	229	197	401	263	260	236	154	305	151	146	230	504	273	610	217	223	264	252	352	449	140	445	228	243	1072	391	183	211	346	285	175	249	253	428	161	264	161	188	345	414	112	280	313	318	345	146	286	322	177	128	242	214	153	160
inosine	58750	58417	35009	13984	58916	39440	23025	49331	20723	7809	33576	35402	30704	109493	16415	46779	24856	14933	23205	42966	34634	33993	21193	51501	14366	11864	32240	24250	40567	36252	6638	65033	4992	4485	43561	35078	52579	35055	55502	50729	6666	34767	28515	44652	63683	25670	70314	20266	17990	48726	54127	40767	26139	18832	40544	23785	22416	43906	28296	23061	54233	42205	16730	26328	78297	29282	13933	63930	37029	10563	19635	18917	40961	19691	40750	39772	31698	52521
Inosine 5’-monophosphate	146	96	99	131	98	100	162	85	163	184	65	64	216	146	211	77	117	107	1884	129	173	200	72	137	110	163	103	56	272	192	122	187	65	121	112	207	211	89	98	88	2205	85	553	541	815	133	120	848	3409	67	369	2002	72	1136	695	214	105	350	77	1051	136	74	1864	118	89	2047	628	952	325	92	1395	119	250	349	80	54	262	253
inositol-4-monophosphate	322	234	228	409	197	319	209	212	394	508	252	211	135	264	219	274	313	239	160	376	164	217	237	118	155	645	340	235	292	344	295	247	130	1821	567	218	412	223	414	129	183	168	249	218	269	337	493	289	160	141	98	169	101	139	113	223	116	634	273	171	213	228	240	223	219	190	295	328	331	244	192	132	443	139	119	168	645	363
inositol allo-	959	232	277	316	214	142	767	151	134	258	102	217	159	242	160	600	395	245	158	233	185	237	427	563	199	153	373	275	239	372	159	349	457	241	224	86	216	93	165	290	95	98	126	148	96	189	165	229	144	463	141	111	80	140	61	322	108	505	98	106	224	385	125	381	246	152	130	276	883	185	130	510	260	87	385	240	472	199
inositol myo-	323196	255754	293144	331317	265766	245653	176729	409599	301345	180328	261781	274192	164046	261632	274978	435309	182348	148013	365374	179618	249203	261084	255916	189635	215322	162923	426472	86940	235772	139699	166146	386589	144151	193969	325607	122131	354940	127548	389744	212203	53353	308281	223448	242026	251599	236014	242700	302967	417530	209371	252872	433318	156751	373601	203733	346887	109481	258180	219370	399553	301142	265922	184366	133107	203065	232053	171522	661221	339370	173115	275774	190109	278314	228897	48059	343748	285432	152570
isoheptadecanoic acid	4657	3012	2454	2987	3797	2488	2789	4389	3553	2915	3029	2751	3034	4718	4112	3458	2868	3411	2697	5397	3464	2713	2453	2355	3040	4293	2620	2631	3222	4472	2471	3434	2207	2689	2477	3135	6365	2208	2625	3617	3738	1814	2716	3521	2207	2112	7520	3300	2614	2500	2697	3556	3027	2750	2271	2533	1368	6878	2474	2070	2233	2409	2478	3064	2021	2147	2688	3625	3234	1884	3894	3922	3471	2063	1894	2095	4508	5893
isoleucine	25625	29871	42701	45996	56641	33918	25307	21138	38125	44586	44997	50477	60431	38792	34191	21185	40839	35333	27030	42283	39349	31085	41981	42009	29508	54847	40160	43865	25831	53667	49511	40386	91112	53907	28749	74406	29981	58600	34863	52753	83390	62435	35599	27577	44105	40562	24076	26513	40038	51546	49907	36284	57635	28500	51547	38363	84945	41591	54833	50867	43151	58153	44137	60037	43665	51926	39573	38587	27465	73702	41865	76655	53971	42662	108894	58616	31788	44322
isothreonic acid	493	574	1055	734	383	876	874	419	373	559	503	1143	819	726	613	1239	1164	474	738	306	730	953	445	779	892	778	1167	478	707	372	426	697	524	252	495	591	432	447	1341	1632	1011	587	821	921	462	642	490	449	1483	425	400	705	994	932	1141	823	840	678	371	612	1673	584	1336	418	640	676	692	769	1025	433	1006	524	532	1267	830	1713	1848	454
kynurenine	918	476	2522	925	297	378	1873	300	385	1510	748	581	1471	246	309	173	340	454	513	444	2846	501	939	334	101	1012	739	1900	1076	1582	414	450	1704	1152	244	1544	1954	1597	352	2154	257	166	515	217	162	588	273	256	220	584	562	460	428	240	862	228	894	1567	743	228	446	591	164	896	378	238	242	947	200	166	698	857	2095	609	3018	1491	728	2349
lauric acid	11434	10381	8378	11861	7983	6109	7126	9068	7239	4807	10511	8181	3472	13622	8886	17250	5945	6944	11320	14339	9247	5135	5324	3374	10042	7246	4559	8191	11738	9860	7344	13997	3063	6484	7228	18445	15264	6819	5781	9599	4682	4025	6362	13564	7073	8868	11439	10615	6109	4751	10423	9879	3207	8106	7028	9445	7955	10653	5837	5026	5278	5943	6178	7422	6312	4115	4965	7686	13480	3288	11957	4091	18954	7444	4945	4617	7626	8827
leucine	81568	80359	108728	120733	155764	79679	62170	51460	70820	149099	97820	113812	218377	89275	70662	41669	93470	81330	56128	132179	83763	70686	115754	99005	61793	123408	95947	114070	57351	160038	212697	95504	235382	112840	73266	228279	72527	152244	76328	112395	201697	164217	74869	59313	101023	95955	55100	67274	84424	129757	124932	83370	133294	57249	122158	109183	231936	121379	141766	139858	139257	126737	84462	148828	108966	118248	122965	95144	55716	158539	82229	196026	136234	84538	385790	144004	56194	114106
levoglucosan	439	206	257	263	384	1432	201	348	283	586	240	260	307	536	395	531	1421	208	380	410	280	258	179	1146	280	344	266	205	182	434	161	492	386	208	346	151	432	207	354	295	223	197	152	561	234	459	354	318	297	153	185	201	521	1791	326	257	281	649	172	285	388	208	271	393	390	284	457	240	475	129	326	319	421	191	159	188	653	295
linoleic acid	765	665	1170	951	3587	804	674	1036	1127	770	846	1139	3070	1465	1285	916	1309	918	644	2308	1207	396	1715	1498	429	594	1731	1157	757	833	464	2107	1593	910	398	3122	1275	972	929	1371	2069	2220	976	867	1665	1449	1550	775	1034	2476	755	1175	1859	510	1127	912	859	1688	1161	646	1630	766	954	2576	1346	1130	1044	419	1553	3192	711	2655	1341	536	1382	679	430	2193
lysine	10456	14791	31672	41871	4099	17691	21971	11175	30645	46637	18058	22440	3504	5712	20355	8653	19525	64150	16082	91460	45593	22669	12588	4987	3453	19543	14218	69088	17121	109183	22620	7563	24872	151565	11406	7355	58211	8856	14239	14014	3501	3503	14595	3691	4221	8724	26250	15470	2451	3521	8448	3552	1557	7918	10924	9876	2674	54651	18071	4027	4208	3480	4487	17512	20290	8464	7111	7383	5370	7642	25975	3233	24052	2964	4429	7902	20339	37688
maleimide	895	746	522	626	303	614	356	742	553	1134	516	490	380	889	376	388	426	274	524	1813	416	575	483	208	188	718	357	553	344	736	751	342	343	1109	1125	598	733	475	668	410	349	480	485	397	758	515	1120	534	334	315	455	515	310	353	403	476	463	1239	460	602	703	506	474	320	1785	784	800	1319	382	389	666	341	1091	504	1056	568	931	769
malic acid	2728	2430	2575	4762	853	2613	2597	3143	3409	1765	2938	3391	2969	2018	3070	3140	1973	2883	2124	2840	4002	2764	1206	2469	6091	6971	3548	3224	3254	1972	1659	799	1241	3189	2442	1332	2416	1988	2692	3958	4805	1745	3652	2430	6851	3370	3807	2806	5753	1563	3014	4303	3126	3294	4902	2589	1700	1578	1953	3362	4868	5169	5577	885	2979	4221	3506	3143	3185	2345	6973	1032	3981	9678	1328	3165	4021	4260
maltose	2001	751	3753	2381	918	1725	1149	1076	1560	3216	1572	2558	5059	11847	1659	933	3041	2675	579	1870	1243	1071	3056	23273	1479	2136	1548	3379	1548	1928	2657	1370	3912	4329	1342	2999	2297	3668	1380	1489	510	1811	989	1314	3732	4885	1155	837	3358	4430	2445	16750	545	2065	2171	2375	208	4917	958	471	5463	655	589	1984	10324	1855	2801	11047	689	2348	2578	5218	2878	1875	7418	7149	2400	1906
maltotriose	4264	287	10016	7514	195	3918	954	3668	1786	2872	508	5996	5619	2781	470	364	5597	3817	1731	7795	1924	1795	6286	47219	2505	3697	3740	8565	3450	2120	677	1841	3881	10750	1047	3797	8478	4083	5047	5227	376	3072	3852	1816	7910	4343	497	738	795	7071	4887	21848	232	852	5948	5877	141	13432	485	492	12844	688	1371	715	14262	2511	5914	14089	932	1772	6325	3267	5845	5182	4923	11235	6530	3714
mannitol	2336	7707	3799	4220	5916	7052	1580	3408	9106	14123	6213	3960	3762	1372	21990	5861	4781	12942	8466	2340	7757	1345	5109	4283	3083	2852	4612	7482	14152	1459	1484	6663	1712	1653	7107	2934	1586	5643	3507	3696	1260	2685	8566	6392	9173	5975	2224	3751	6370	6828	2404	4349	4957	7896	6464	1694	1177	2352	3209	1802	3944	1276	8847	7707	1431	2799	2417	1540	6642	2259	8020	1571	1445	2171	1405	3189	2403	4992
mannose	3075	641	3662	3206	2061	4519	6714	3074	5065	1235	3368	109	2126	2254	4915	4464	5730	5187	274	4649	2482	7907	1258	12247	2675	5365	5089	10534	5439	3921	1710	5388	2620	3033	5097	1466	2262	732	4837	4700	1719	915	6676	5084	2418	505	3165	23	883	2075	1461	8122	1948	3240	1880	3890	272	2842	4894	3392	3237	977	2316	13609	3070	3529	3234	4555	5634	1921	1699	2185	3510	4763	2705	1368	2924	3672
methanolphosphate	18543	3751	4274	4954	1756	6279	5407	4120	4815	3355	2447	2734	2926	5067	2672	3659	3189	2562	4335	6670	4677	4516	2585	1677	1747	8842	2975	6848	4172	5714	2116	2696	982	2677	5755	2192	3707	2887	8841	4983	5058	2214	2527	3924	4980	2677	10452	4059	4302	1382	3991	4341	2831	4756	3403	5935	2138	5647	2677	4908	3961	3393	5570	2810	6085	4530	6575	7074	5354	3460	4551	2471	7540	8852	4209	5054	7854	16398
methionine	7550	8316	11668	13294	15896	7634	4700	5049	4647	12848	11468	13095	16699	7665	6327	3378	8759	8961	5214	15600	7616	4857	13600	9764	3108	3115	7640	9693	5020	15171	23585	9482	22060	10198	5869	17858	7387	16097	7237	12827	15545	16299	6897	4609	12715	9489	5821	5742	5645	13807	14740	9320	11504	4666	11301	10905	14531	11309	14375	14149	12318	9804	6188	11347	11812	10850	9216	10359	4085	16147	6370	21546	12085	7320	34692	18062	2455	12318
methionine sulfoxide	589	323	541	820	478	609	881	482	1612	5606	558	411	450	448	504	380	662	2063	511	1045	1396	976	633	346	295	7875	693	732	513	1256	3280	770	745	5340	1152	642	958	482	615	506	720	475	407	282	387	641	679	619	274	374	484	415	316	411	493	568	383	1268	420	456	726	491	552	530	661	866	705	903	614	556	599	742	833	339	731	514	4853	806
myristic acid	3211	2092	2094	1858	2729	1704	1815	2829	2339	2193	2060	1933	2262	3152	2870	2318	2331	2376	2300	3754	2917	1929	1847	1664	1967	2268	1922	1971	2180	2656	1552	3221	1425	1864	2043	2700	4555	1858	2170	2560	1925	1652	1888	2263	1899	2418	4460	2724	1692	1806	2553	2074	1512	1737	1337	1840	1204	3745	1729	1240	1763	1709	1918	2636	1478	1292	1773	2609	2689	1196	2670	2561	3036	1515	1490	1137	3170	4404
N-acetyl-D-mannosamine	668	345	362	417	388	371	384	404	617	310	299	294	368	578	484	219	425	157	402	305	412	391	394	962	302	568	517	304	252	494	423	486	311	274	510	391	390	316	551	308	1325	604	257	424	399	411	446	526	855	352	504	449	1248	399	451	542	400	756	455	556	396	1394	490	738	550	581	539	666	519	393	781	331	608	456	493	353	601	647
nicotinamide	2781	4587	3146	4622	7920	4200	4132	3107	4205	3183	3980	4360	10667	6992	2048	2210	4359	3146	4081	2432	3735	3756	6966	7687	1147	4345	5290	4395	5236	3839	4960	5584	4641	1385	5340	14745	681	5279	6112	5296	4311	7748	3644	3233	7691	5808	2244	2542	7866	9014	6470	10556	6454	2678	6844	6992	5214	2448	5181	10268	10453	7818	7580	5086	11047	6741	5932	5491	5077	5688	3388	13394	6055	8791	11736	9319	4373	1994
N-methylalanine	2448	10085	6427	10275	3579	6525	8237	9353	9796	7523	9345	8086	5107	10511	8094	11504	5028	3501	10896	5570	9310	12580	5126	4265	13516	824	7295	9200	7369	5483	8860	6420	4788	5064	9244	7361	5392	6193	9303	16008	12449	7317	12416	13162	7400	5639	5282	11704	11497	6085	10356	3796	7905	6284	16084	7693	7527	5898	10534	12807	5518	12205	6995	9707	13808	12197	7733	6781	7878	7105	5445	3942	7329	8108	60	11019	5314	5482
"octadecane-1,12-diol NIST"	420	91	274	249	282	289	343	220	303	257	216	216	196	225	312	265	254	270	386	454	253	284	217	166	227	294	207	247	213	445	204	354	162	304	328	290	535	211	249	231	240	146	205	115	140	193	424	382	143	190	209	200	120	251	179	270	138	748	126	162	167	264	265	283	245	240	231	238	295	162	321	186	303	201	174	211	366	413
octadecanol	600	342	425	790	801	836	622	482	657	1020	522	328	550	950	672	413	900	277	27014	546	342	908	518	294	361	811	713	235	218	1089	631	444	342	654	862	606	780	317	576	295	654	331	380	410	288	800	856	1268	509	250	164	251	343	811	207	777	311	2105	417	375	414	345	460	625	892	722	690	872	795	428	376	412	1301	360	328	528	2001	547
oleic acid	3338	2606	2538	4291	7471	1636	2942	2976	5078	3704	2849	4083	5457	3463	3693	2652	4993	4842	2688	6124	3592	3343	4788	4462	1573	3740	4431	3977	3137	3495	2704	5713	3539	3254	1811	11408	5172	3077	2940	4488	6474	4377	2834	3066	3364	5108	4484	2951	2263	5660	2967	2871	4258	1380	2708	2913	1904	3808	3218	1772	2677	3213	3228	5700	1926	2555	3461	2399	4094	6608	2277	8096	4110	3035	4741	2611	2325	7706
ornithine	3216	5253	7981	10292	2834	6054	10568	4025	12544	8250	5931	8338	3723	2982	13989	4205	8869	16747	6823	10068	10485	7004	6828	3307	2876	11128	5777	10549	6496	9928	8164	3944	7702	18860	5861	3124	9303	7167	5358	5879	3825	2579	8738	2762	2587	4448	3639	5775	1156	3068	3874	1669	2745	6456	3834	4859	2378	7807	6483	2020	2204	2543	2337	3898	4090	4139	7144	3260	5984	4335	7694	2996	4618	2537	2696	4118	7567	5998
orotic acid	164	117	118	163	143	828	161	160	217	258	108	97	243	147	188	113	187	158	122	121	227	131	168	122	157	178	177	164	123	161	214	149	106	341	159	230	198	230	142	108	121	98	97	164	124	242	140	258	338	105	92	212	248	1227	342	156	140	247	130	148	238	104	146	153	188	284	258	137	160	706	109	238	185	255	125	115	238	173
oxalic acid	35743	34608	35881	24468	10627	38164	28403	40806	39993	62231	25747	17387	16614	28980	26459	46123	18823	22045	25619	20272	30062	37028	25693	8523	16337	44033	26860	33625	33245	21317	11155	16891	7928	14533	39063	6789	18997	15288	35375	28442	7128	13058	36213	65666	33298	43872	37319	31071	34605	13343	19203	24924	17342	60899	24048	20886	9544	33585	28835	18867	19211	28600	20939	17436	29936	23320	37375	14427	62391	13640	21121	7873	19385	24408	5100	11654	48563	21537
oxoproline	105704	112762	122820	87584	83397	105446	91216	115072	71779	111697	101298	107258	89757	97907	92723	98260	106175	66248	102344	60336	86832	86531	118259	93322	122845	74961	85165	83186	89030	61980	62477	88089	137031	117465	89028	73231	52859	103445	131464	99969	97441	82190	153963	135311	128178	107624	108045	87497	134953	105187	128882	79509	200167	112409	94370	133336	89363	55824	108055	119892	109486	139892	123185	56696	147308	138125	161793	63156	111631	135620	92226	83811	82162	111105	71763	123240	85678	72307
palmitic acid	65599	38189	39294	33413	48841	25658	32564	59470	43271	30784	40638	37184	40912	60629	60680	51890	34613	44169	28905	68226	43433	29396	25978	30058	43888	44435	29541	34564	39744	50641	24402	47313	20288	35022	29147	33909	83170	30415	28276	41190	25900	23850	33435	51425	30004	30687	104592	37633	34493	34059	40275	40240	30806	36804	24364	25582	16869	61898	34424	25540	21965	34566	24327	32227	21953	22633	29621	32429	39041	20571	46626	28881	42199	26220	19643	19315	48609	81078
pantothenic acid	1085	670	696	1333	5288	1809	653	561	754	1664	785	1054	586	1065	1840	591	1345	1584	885	860	862	938	1530	613	245	845	977	1120	652	1492	615	954	978	972	870	768	1167	518	1211	715	953	819	1002	658	1832	1109	911	1147	815	1802	815	1592	754	914	943	994	752	1460	1346	680	922	802	698	1106	1006	983	1053	761	1349	901	1012	982	1142	410	466	1230	809	1134
pelargonic acid	28035	12182	25275	30552	10821	21938	23109	22633	26103	15344	15505	11035	6759	15784	25817	18011	19988	15202	27464	23135	14311	31435	9692	5538	12364	36609	15709	14019	17586	31261	15010	18855	9193	12840	13125	18702	26961	10327	10207	13276	9146	7892	12435	23837	13862	21225	20416	26355	9210	6354	11021	8838	11202	14957	8731	17343	11225	38992	12421	17961	12856	18735	7989	17759	18310	12949	15408	13938	34425	14588	17136	9093	19574	8620	9360	14083	19252	14168
pentadecanoic acid	3449	3052	2887	3043	3568	3442	4039	3579	4954	5032	2887	2676	2602	3550	3813	3056	4959	4223	3953	4877	3553	4726	3512	3785	2030	3856	4096	2978	3482	3460	3168	4543	2636	3727	4190	7067	5506	3057	4326	3538	3559	2482	3287	2665	2192	2955	4412	4260	1845	2847	1991	6789	1685	3132	1451	2928	916	4313	2714	1379	3324	1778	2845	3860	2242	2456	2843	4771	4662	2391	2205	4564	3203	1665	4780	1270	6960	4520
phenylalanine	15571	17255	25309	27906	32902	20023	14883	10228	15944	37069	23030	32285	43725	17781	20481	9421	21006	23921	11553	36398	22699	15620	32048	23213	14449	24567	16503	29630	14789	35618	48525	24769	45571	22625	20679	47129	18006	44082	17803	26793	49664	36104	19450	13014	34490	20572	15029	12415	16706	33686	30437	20070	27619	12991	26239	28000	43910	32848	28907	26206	38277	25057	22822	42350	23945	25771	34919	24970	11711	33406	20839	48111	27935	23106	78423	37311	14965	23732
phenylethylamine	2768	1348	3038	2101	6772	1663	2380	1895	477	351	1509	2030	610	1792	531	2078	273	452	927	471	1997	661	2386	566	221	1095	1705	905	6681	436	497	4671	1954	332	621	2746	852	1403	3635	2358	836	355	1856	2584	2113	632	493	798	1248	1958	1812	2196	839	1113	746	3253	499	1087	2375	340	485	444	3297	1057	539	1386	458	876	1787	2671	3735	1129	478	2068	444	872	1356	1750
phenylpyruvic acid	332	236	420	369	308	393	333	327	409	548	325	432	308	547	285	263	289	290	339	465	417	378	325	297	530	486	321	344	397	820	403	374	281	348	514	1233	603	522	379	470	567	352	531	357	335	524	404	472	365	423	586	355	701	310	455	355	402	623	264	449	377	378	476	421	577	460	451	440	392	241	520	521	433	338	381	343	575	396
phosphoethanolamine	6066	20224	16968	17437	2132	18755	20399	28523	7332	3954	12482	22396	6599	10296	9309	21243	6980	9983	32892	15633	19052	15204	15871	9251	12159	12047	9199	11374	25827	19127	1727	7671	4388	25290	3158	4269	13715	8076	18787	17769	18697	4519	42489	20676	16730	703	22046	4310	20606	4516	28752	40722	10022	18536	22803	15677	9595	11866	13776	8722	21101	27202	32850	1122	15815	31277	18177	43160	8796	9605	59211	8214	10016	34723	5519	24537	17280	36769
phosphoric acid	57497	35479	30443	30653	14476	33583	24937	46514	36017	39979	27892	19039	17291	31097	22256	34269	23754	17052	27492	38979	29633	36361	16758	15301	40059	59546	28583	23474	26513	23704	20640	4001	8742	50742	44924	17175	35399	19156	34341	21263	40517	19608	36167	30805	45964	34999	53080	29327	45321	13003	24277	32319	32632	41126	26106	24239	40151	43136	18975	35117	26780	47360	32591	15809	32594	12007	16510	68062	39531	21952	47771	27366	35246	35627	23030	44198	66675	47024
pipecolic acid	198	149	112	202	155	205	259	149	302	197	131	158	174	258	234	256	240	211	272	179	300	262	217	236	156	279	215	172	168	278	196	177	196	158	278	259	249	256	276	164	354	195	348	285	203	288	172	295	309	203	178	128	181	226	284	264	166	394	164	228	215	232	225	188	350	291	236	396	280	139	197	280	406	127	194	157	275	138
proline	32214	41694	57582	78433	80192	73119	57150	19287	40986	76494	57220	75073	117856	81200	41680	20462	61987	75581	39721	80529	53108	40150	61694	132834	17551	91505	51481	67700	37589	106585	88412	36357	215365	97624	38958	127305	33844	86129	59620	64108	141667	89851	86607	36152	60553	121832	32540	43461	73135	80182	106042	88986	106789	66513	149827	80464	271765	43851	68023	88399	99602	71745	137220	75848	96082	95727	88627	74068	33363	166635	63686	145342	93255	111827	163263	76773	38912	62936
pseudo uridine	347	563	777	694	1061	1494	1133	379	1120	1053	658	919	704	606	1375	556	1197	1155	915	728	1054	1003	820	1077	1191	845	1243	1100	1547	743	594	967	653	668	1019	1573	463	1107	952	814	1475	828	1120	794	971	840	500	729	797	943	680	926	1406	1542	1074	1250	826	877	440	470	566	955	1377	1345	401	644	942	670	1104	565	1051	949	630	1070	499	941	581	598
putrescine	337	170	490	309	193	377	321	234	1609	422	233	216	212	230	512	302	669	267	213	476	330	455	226	239	440	604	244	1121	249	366	361	269	191	327	408	218	903	362	461	302	1189	933	1018	243	115	270	246	372	170	245	528	150	163	530	153	270	299	966	199	353	417	206	771	233	495	459	182	394	315	194	951	190	1660	381	831	502	441	356
pyrophosphate	248	317	473	360	187	343	267	749	839	222	349	544	339	952	362	331	180	609	732	496	465	172	481	171	506	829	203	417	791	430	219	443	264	509	381	296	1042	235	859	397	312	272	582	513	284	161	1375	669	477	70	462	578	292	498	309	405	551	557	273	518	467	509	867	311	195	293	490	561	464	116	618	302	262	672	83	396	435	519
quinic acid	108	73	670	159	104	2162	92	113	116	141	88	56	46	128	89	94	114	78	172	124	111	106	111	43	806	111	113	410	81	176	85	135	55	121	135	99	192	135	432	321	73	56	98	82	77	93	132	197	53	69	39	65	48	2234	71	111	58	310	65	82	77	82	55	83	94	95	115	128	130	53	113	68	154	55	65	82	480	104
ribitol	343	257	315	369	505	771	311	215	652	205	219	290	763	698	229	311	346	217	266	249	331	290	209	370	448	328	376	180	338	302	183	420	284	271	633	506	317	265	343	565	563	438	752	971	878	304	363	316	657	441	601	931	698	204	614	730	683	612	208	488	1173	733	888	570	457	708	365	970	324	686	849	1249	579	689	420	1748	350	455
ribonic acid	264	174	1056	654	181	414	514	318	326	434	200	126	357	212	148	210	961	263	419	188	229	435	277	212	399	782	964	187	251	289	303	454	381	222	252	217	297	146	276	1450	209	186	281	338	137	363	231	339	602	129	144	93	123	441	125	482	155	365	184	232	402	163	446	251	273	292	389	235	994	137	384	157	287	327	121	109	2139	258
ribose	3304	427	1166	634	360	1080	576	198	642	293	483	394	331	1023	324	786	456	1091	311	840	452	769	400	433	98	689	461	1216	685	1972	422	1262	278	214	728	758	921	882	588	1326	193	653	497	818	206	1056	1570	330	203	677	303	245	357	211	733	886	214	885	766	453	1131	227	625	1764	1243	579	1001	1591	482	194	387	190	1077	316	1234	669	931	1067
salicylaldehyde	2001	678	1157	403	1489	523	297	1260	584	788	1067	310	1041	1835	1143	940	414	534	424	1050	693	524	577	440	940	649	613	487	460	542	451	926	443	814	766	722	1612	472	599	549	617	302	534	1059	1283	973	1573	1195	1099	558	397	395	881	1356	434	402	336	1611	809	342	546	967	598	1988	620	392	376	910	818	257	795	532	650	437	446	251	814	595
serine	43579	48034	52393	68822	41717	34966	33552	31864	42453	69289	56706	59908	57775	31369	43859	25835	47782	53692	31627	66140	40379	31424	51091	32547	21901	78673	31578	60383	27875	88278	65675	27448	80065	85375	29185	45744	38859	61818	36083	46639	50088	54419	33883	28670	57491	44102	36124	43213	26288	49071	49706	30736	44510	27614	39085	48206	47678	50180	65749	54311	41647	43673	32330	50221	51093	45295	65848	46136	24117	76700	44252	57866	67767	29004	63024	69188	36776	64403
shikimic acid	489	180	218	248	409	274	194	278	319	371	183	178	204	313	230	222	218	254	310	552	374	264	171	118	330	250	224	168	206	335	263	316	121	264	283	395	476	702	246	213	208	167	143	156	235	600	639	335	144	477	216	234	375	243	164	348	448	512	471	168	213	211	184	225	288	204	555	296	234	126	289	137	1020	231	897	336	708	429
sorbitol	260	368	463	351	58	147	669	546	2037	513	28	79	468	72	454	51	496	577	1431	539	605	47	251	3976	13247	93	371	403	380	251	477	99	225	404	1337	446	322	671	672	61	856	496	902	477	119	572	391	403	807	251	138	156	255	605	564	1308	22	553	28	36	602	772	147	1056	395	106	464	670	162	97	195	639	356	834	472	30	384	400
spermidine	334	198	548	439	240	220	302	236	286	358	265	101	83	140	450	253	288	274	350	315	491	309	257	273	135	224	351	614	221	456	243	267	191	317	214	142	504	197	232	477	133	155	191	198	99	411	248	231	74	237	173	119	87	166	161	185	85	512	183	104	174	127	109	139	190	112	138	194	373	133	271	147	411	123	115	120	254	320
stearic acid	534901	263517	217953	181279	328720	126535	169415	431084	190560	168846	295060	244011	276012	409050	432384	385194	144609	316908	162426	416629	286762	125699	132303	170620	347205	262996	128440	248692	280750	303406	110870	258294	107547	192138	141695	134086	552609	174932	143527	234190	134188	116130	190910	378237	167346	124699	812971	195007	215343	232522	234902	318482	207890	191128	145455	135208	92700	338115	233350	152169	113160	203746	115100	242783	91515	127347	155109	150274	191147	96307	320106	129219	180224	200219	98720	98108	237243	480096
stigmasterol	471	113	251	285	230	277	238	223	444	449	123	158	176	257	173	128	307	75	258	410	172	331	231	201	113	202	331	254	266	496	143	315	156	298	334	45	513	182	217	310	183	204	242	223	141	310	299	254	132	157	228	181	131	191	222	263	120	770	146	189	223	147	275	224	230	180	215	333	496	118	238	236	348	172	159	162	363	393
succinic acid	997	1082	759	1556	712	1517	1909	1455	1396	634	718	911	903	592	886	1487	562	1041	1512	606	1223	1392	721	136	3003	1322	1508	1029	1584	445	489	1087	470	1144	1589	664	731	1417	1972	918	937	996	2498	2123	1462	1391	952	985	1570	323	420	1057	1821	1832	372	1637	2778	638	611	1755	621	2344	2572	456	408	350	1628	1140	2040	1123	5214	313	1108	7485	231	869	1483	1809
sucrose	257	998	116	45	1756	128	145	1495	113	1917	358	130	320	4253	171	497	256	371	92	243	642	2143	114	222	2030	165	274	154	175	212	71	273	199	2190	315	72	370	90	201	167	2827	80	261	1692	123	49	369	85	694	109	228	101	80	482	106	75	1566	251	85	58	1575	2717	60	192	335	32	80	140	232	67	491	88	150	412	457	273	153	330
tagatose	130	127	134	186	152	326	92	126	267	166	154	81	63	115	172	137	208	27	266	104	119	189	218	107	123	121	169	155	137	170	317	126	81	182	228	142	227	142	181	95	87	122	147	89	74	112	121	231	55	90	64	87	65	134	52	243	52	299	54	78	109	57	95	58	85	103	217	90	248	144	215	100	181	57	78	91	205	120
taurine	116914	161342	92602	71514	85984	76885	92519	130808	69280	58937	111460	126551	75520	74285	65521	63830	82248	35682	113962	66974	132653	98575	111016	81736	172305	80287	116078	92275	151226	52900	73789	123814	69358	52338	95056	66831	64030	71972	111140	147383	71792	130693	145717	112268	136881	70989	35252	137872	255902	91616	198996	212760	130146	117532	211263	72843	120281	45344	122677	145523	104758	227421	195272	66866	47668	209905	64197	39576	90225	57588	175149	115190	66631	186689	75571	120789	52565	91252
threitol	191	174	190	331	297	409	355	136	317	323	168	216	117	194	401	201	249	259	236	176	246	259	227	191	134	199	237	163	676	247	275	293	172	172	249	330	189	103	236	148	218	288	163	187	189	267	162	208	174	233	110	223	241	503	177	380	143	324	209	182	121	172	514	226	169	230	203	154	376	134	279	142	274	258	80	357	306	132
threonic acid	7618	9734	6580	5998	4985	9414	5197	6534	7681	4342	5143	6396	3775	6223	7056	9320	4201	3873	6365	4485	9677	5351	6726	2852	3491	8403	5499	7878	9917	4152	2916	7234	1184	856	6096	3279	4592	4216	13073	10459	2576	3886	5510	19937	6193	10742	5357	8660	15185	7415	15579	7667	2784	12194	7607	7226	1356	5172	6457	11091	9121	7858	8935	6513	6111	8011	11098	3916	11233	1433	4406	984	4569	6690	1175	1903	6592	6663
threonine	25898	30398	34634	41499	27882	27740	26050	22186	25130	41383	35281	43014	38664	32053	26689	16709	30926	34955	20115	38265	31233	25662	33865	27305	25324	40204	22556	40865	22300	50480	41556	23303	55107	45063	21693	34739	24787	44401	25014	36017	49440	34573	28240	20717	34330	32267	19794	32538	28090	35278	39543	21940	40276	27411	38031	33682	53509	31016	41497	34418	28835	38757	29276	31815	44929	34881	47470	31974	23095	48491	32975	39920	46884	25260	46904	49225	23874	38842
thymine	145	78	109	152	154	166	222	71	137	149	93	87	134	167	201	111	230	181	116	148	107	224	125	106	122	175	125	160	103	201	109	114	98	124	197	173	209	193	168	126	463	81	93	99	134	179	151	247	128	133	99	85	100	95	157	156	227	402	93	165	146	222	162	167	166	199	127	172	202	92	157	282	134	156	291	155	181	135
tocopherol alpha	1450	1483	818	1180	2354	2073	643	294	283	316	586	2292	818	5312	406	1092	363	249	472	5429	429	324	571	1617	622	300	331	3099	187	1441	165	411	188	250	308	1102	1103	244	1125	1268	1772	2079	1554	2989	1701	1752	4830	2070	2345	3282	3677	3764	1938	1091	1882	2765	5218	1504	1009	3232	2350	1635	5047	2004	3427	1085	993	2313	359	911	1874	2406	2774	2801	2812	2772	314	4169
trans-4-hydroxyproline	554	492	375	282	332	526	488	346	317	386	476	297	322	654	373	301	406	223	294	363	356	315	363	399	216	468	342	205	591	295	297	390	171	267	433	513	449	341	600	384	738	385	514	610	669	381	716	301	509	405	490	204	447	429	711	560	620	509	229	275	356	267	978	206	561	714	392	380	399	347	418	227	543	659	271	495	544	475
trehalose	2722	911	4625	2850	1107	1959	1478	1082	2027	4472	1753	3154	6316	16580	2099	944	3649	3309	752	2360	1651	1192	3526	30397	1822	2559	1726	4384	2017	2387	3332	1641	5040	5088	1747	3582	3064	4896	1593	2138	455	2319	1278	1387	4859	6593	1186	1438	4280	5717	3340	23330	468	2860	2812	3195	94	5784	1091	870	7704	627	485	2518	14235	2413	3370	14327	978	2843	3087	6803	3571	2539	10021	9756	3046	2425
triethanolamine	437	474	191	245	664	341	269	289	239	740	310	217	267	1177	240	236	398	204	206	427	346	233	200	144	160	281	203	252	267	386	229	283	149	431	250	237	564	334	521	169	156	120	207	194	210	292	362	370	117	211	224	196	126	231	537	243	90	807	315	140	155	222	166	384	265	288	279	421	287	107	240	114	376	218	161	219	340	210
tryptophan	615	286	3179	12043	17129	6120	336	5959	9169	24599	4013	7358	5112	4997	10176	5412	15225	14766	2436	17154	2451	5428	16189	11697	9586	604	7773	8725	4369	9798	43757	21915	7416	5736	5452	9725	833	7219	7614	6200	20104	12173	9516	4994	8215	7615	4759	5495	6025	8345	7328	5561	5232	5602	8768	7769	15400	11401	7702	5478	4181	6705	10179	13254	5368	7494	9061	4778	9605	2435	11560	4745	2545	6326	4525	352	666	1517
tyrosine	24003	25008	40335	45933	39511	29304	29523	16154	25179	50868	38421	58572	60725	23213	35463	13161	31605	51024	20112	57701	48134	22028	40447	43848	31132	24748	25384	57207	22289	67394	46616	33752	67011	36876	22963	61300	38121	60499	24350	46856	66895	41598	33673	16137	43716	32848	22969	25724	27649	50269	49399	33640	34437	20531	46663	38360	64295	47990	40500	35089	50664	33236	28954	60477	38011	37104	47399	42715	19134	47110	37997	61880	45028	28992	105227	53671	14628	44915
UDP GlcNAc	318	267	99	197	75	70	143	326	62	154	40	99	320	350	116	233	176	115	197	93	181	167	128	206	259	202	79	394	257	185	66	129	56	101	274	159	121	84	143	116	292	129	388	468	408	208	446	133	621	81	341	514	155	347	363	202	1090	354	98	611	411	147	733	108	540	440	375	828	327	141	479	62	348	1361	442	192	280	428
UDP-glucuronic acid	187	175	127	185	138	443	166	209	177	295	101	158	376	408	123	288	587	222	242	148	142	149	128	587	166	277	137	257	137	234	157	341	135	485	267	233	181	121	144	293	241	196	227	302	246	191	215	193	158	127	184	233	167	586	186	159	259	350	93	383	414	135	288	122	385	262	217	232	320	135	416	351	319	335	212	443	342	248
uracil	15438	14068	23397	22293	34142	8396	10509	5118	10549	21027	19827	16948	44600	15409	4687	5722	10044	11953	5745	11766	12695	3404	19237	21626	4168	31313	8726	23971	10431	22983	31952	24447	33678	12100	7978	44461	8427	25490	2736	17871	39754	25575	18753	7108	26198	33548	13049	4497	9974	35329	24773	23625	29104	4204	43941	16237	49790	5474	29581	21704	29410	32178	20328	34307	17394	22970	8464	24167	11996	42179	8205	88936	14416	31232	26112	34040	10999	24754
urea	33928	68894	67117	138449	61730	189646	192777	73342	72086	191137	116643	111603	71122	93851	148886	109519	66761	82562	108614	52994	116977	101904	86918	47918	121785	98968	183715	99219	140431	60413	123706	106995	70509	82525	111214	163113	69146	116582	73127	93433	103684	109410	95646	137579	123232	109137	32753	124611	96823	63257	81285	53935	113513	153704	82336	187545	80995	102701	32812	96730	61293	82414	176086	121776	135753	197700	111877	75713	138934	82618	171055	137250	76949	86994	30968	120756	208246	83474
uric acid	1082	3503	2113	2966	2992	4870	1849	2687	461	218	3863	3333	2043	1624	5249	4265	2298	2309	5292	972	7917	1762	2205	4010	4091	194	7534	4414	2875	685	133	4173	2077	175	171	3236	1692	4033	5556	5894	4593	6773	6029	4776	5553	3606	1542	5046	6959	2999	3106	5810	4712	7171	4006	3366	3040	1511	3409	4085	2815	6431	4120	3825	1577	5253	4207	2085	3967	1630	6684	3094	1352	9012	948	3744	272	1435
uridine	2742	517	2591	1912	2586	1542	993	1340	1541	2223	2847	1803	1710	499	858	2090	1210	1761	475	5869	3132	1006	2685	1558	664	2255	1652	3162	1537	3515	2577	5206	1565	1646	1467	1224	3724	1644	2776	4369	217	1963	829	1334	497	1335	3761	301	248	3155	1347	822	1644	181	2320	285	597	3741	1425	833	2048	494	171	3554	3682	1124	265	910	1113	194	1625	1050	1937	671	2719	881	1866	269
uridine-5’-monophosphate	249	83	71	105	133	111	135	118	149	205	91	57	17	134	84	85	175	66	106	115	111	121	81	77	53	145	91	55	98	264	80	147	80	139	147	679	247	70	146	66	140	78	113	63	101	232	191	208	38	91	43	199	89	79	79	118	153	306	77	158	82	82	133	166	422	193	165	200	209	50	72	128	156	155	29	89	570	244
valine	57860	65814	83680	114978	124294	87579	77549	64951	100800	136401	99559	100552	136549	74486	79806	52001	115831	82324	63755	105340	90580	90326	113363	86767	78625	124405	116330	101512	70664	130458	192602	96481	158749	103994	80968	141560	59741	119864	85711	103431	161409	136947	78225	58794	70615	93282	47387	78093	83861	99988	95437	65368	102374	75169	103202	104330	174071	95218	124250	112991	95151	108232	86654	114464	90435	110171	129819	73914	76669	136777	76003	131801	117313	72140	165499	117633	66568	85463
xanthine	276	228	718	757	685	437	294	173	895	664	235	731	733	132	503	396	537	518	333	519	828	475	516	1688	657	747	516	616	373	478	1344	900	1996	1272	511	1903	341	738	270	597	7604	882	407	371	1348	486	461	355	2390	1346	1848	5555	2161	457	933	2611	2019	549	921	1781	1204	4258	1386	617	199	2265	230	490	501	1597	2096	2278	406	2707	5429	3163	630	1441
xanthosine	150	60	95	165	144	194	108	87	146	170	178	69	61	129	137	76	133	118	175	144	118	152	108	63	93	209	115	63	91	214	110	125	67	146	216	147	214	96	123	106	121	96	82	72	71	174	226	154	55	78	100	79	477	100	87	151	78	409	85	68	92	423	118	105	118	141	91	200	192	69	135	105	179	52	55	87	283	131
xylitol	1448	642	359	826	881	569	475	173	411	389	419	667	1423	336	504	243	579	866	393	439	567	455	318	708	1592	666	851	876	602	331	382	940	472	179	211	1032	775	319	669	1110	1641	1164	793	1019	752	803	309	565	781	702	845	1003	678	541	1587	863	1568	461	851	797	1937	818	1554	1294	329	1151	984	636	550	387	759	395	404	1362	622	1118	617	628