	000min_oar1_lfc	000min_oar1_bh	015min_oar1_lfc	015min_oar1_bh	030min_oar1_lfc	030min_oar1_bh	060min_oar1_lfc	060min_oar1_bh	180min_oar1_lfc	180min_oar1_bh
Urea	-2.727720802	0.000131371	-2.793595917	0.000724535	-1.793853155	4.63E-05	-2.770291777	2.99E-05	-1.779211937	2.15E-07
L-Valine	1.455073243	5.42E-05	-0.412066342	0.011220637	-0.065925515	0.810855555	1.645583233	0.000523991	2.460571515	2.81E-05
Putrescine	-1.552977711	1.77E-05	-1.783470227	0.000353198	-1.541999628	0.001321898	-2.376966909	0.0010256	-2.275724954	6.38E-06
Methylmalonic acid	1.283040164	0.001227765	-0.255904067	0.157585485	-0.084560045	0.679757787	1.541671817	1.27E-06	1.49072776	0.002042276
Glycine	2.535792828	2.57E-05	2.473871439	1.06E-07	2.214120321	0.00041114	2.488717026	5.07E-07	2.37861104	9.52E-06
Malonic acid	1.038727295	0.025473521	0.736624414	0.025384294	0.214339484	0.494538969	-0.001750304	0.996807366	2.180106003	1.24E-06
Fumaric acid	2.481641293	4.36E-06	0.580097413	0.087620124	0.641028475	0.000179509	0.483753036	0.046030501	1.61252471	0.000326301
L-Alanine	2.309107569	7.99E-07	0.356264936	0.010512991	0.233705726	0.206090891	1.46943758	2.13E-06	4.211987639	4.53E-06
Threonic acid	-0.193989116	0.313081991	-0.05155839	0.653049694	0.504135151	0.055883419	1.299478297	0.006419673	3.455436183	8.95E-05
D-Malic acid	2.488517822	0.000193494	1.703368578	0.001091729	1.123130582	0.019416624	0.483718471	0.190391335	1.875480023	0.000450858
L-Isoleucine	1.342778964	0.000166357	0.347868766	0.008712916	-0.000238266	0.991223177	0.371103289	0.05666939	1.644189673	0.000172585
Citric acid	0.099772833	0.75832855	-2.458358917	0.002661027	-2.231045802	0.000116317	-3.858562557	0.00024279	-3.011101135	0.000710898
L-Lysine	-1.850165359	0.005135464	-3.388382603	0.008399077	-2.776639288	0.002685204	-2.828759191	0.001588458	-2.079913693	0.001320478
Xanthurenic acid	1.762935081	0.001431231	0.968191732	0.003246284	0.880760209	0.002245176	1.245884267	0.000861544	2.167083306	0.018823134
L-Glutamic acid	-0.852301679	0.085199529	-2.414128763	0.002546965	-1.931795829	0.001778488	-2.267724354	0.002042297	-0.428101219	0.024960559
Orotic acid	-1.827105642	0.000590419	-2.506781342	0.000122853	-2.465808243	0.005280911	-3.644442398	9.10E-05	-4.238360546	0.003064187
L-Tyrosine	-1.311573414	0.002176386	-2.239527306	0.000873831	-1.50341845	0.005852551	-0.316505722	0.277927057	-0.853255932	0.082855338
Ornithine	-5.558333817	0.00377439	-6.400443953	0.003592742	-3.707349626	0.001911843	-6.590311795	0.000296856	-5.922458106	0.004074711
Phosphoenolpyruvate	-0.712432565	0.009979162	-1.776123887	0.028121554	-1.46976287	0.00664212	-2.592172092	0.005324584	-0.773335035	0.005169757
Thymine	0.116417439	0.448009985	-0.601077034	0.011576718	0.81891832	0.292620098	-0.363680065	0.240343585	-1.427220126	0.000901026
Adenine	-0.227098325	0.372872256	-0.984104478	0.000154849	-1.553214624	0.003155609	-1.640064647	0.000137246	-0.987939477	0.029163076
L-Aspartic acid	0.741777679	0.036421691	-2.288438537	0.000248713	-0.591671641	0.06204851	0.721058881	0.008709557	1.070194238	0.015467184
2-Hydroxyglutaric acid	2.506310781	0.000892914	2.291277642	3.41E-05	1.509579529	0.050205758	1.210028482	0.14183443	2.398881957	0.000519166
Lanosterol	-2.457449993	0.013615678	-2.177940173	0.001262101	-2.093201065	0.000591788	-1.354085068	0.007051055	-0.248253736	0.117431594
alpha-D-Glucosamine 1-phosphate	-4.789183422	0.001540536	-5.515792007	0.000198614	-3.485113537	0.000329898	-5.472918577	6.41E-05	-3.343752268	0.013083304
L-Asparagine	-1.047435182	0.002616762	-0.212514819	0.756771916	1.282658923	0.226114246	-0.991137482	0.450833342	2.937652521	0.059083067
methyl-beta-D-Galactopyranoside	-1.434190822	0.03024511	-3.019114741	0.030073442	-2.862575692	0.263839108	0	0.006206405	-0.367211007	0.191555638
Glycolic acid	-0.034914565	0.742145964	-0.038054973	0.72182401	-0.180572019	0.108757466	0.166589556	0.428725201	0.556344834	0.026298233
Sorbitol	-0.950986935	9.55E-06	-0.582293059	0.028980825	-0.774129957	0.010765237	-1.376709084	0.015570766	-0.502948958	0.011031229
O-Phosphoethanolamine	-0.038228445	0.878969352	-1.010941256	0.012908737	-0.893683205	0.017294843	-0.269142845	0.480234487	-0.561877767	0.068895841
L-Gulonic acid gamma-lactone	-0.831425556	0.135425745	0.262871021	0.689268826	-0.333903138	0.528816591	-3.325224493	0.021779288	0.986485968	0.289992049
Hypoxanthine	0.112353907	0.794440289	-0.70905143	0.110142268	-2.877026782	5.76E-06	-4.107357261	0.003163709	-1.177230684	0.01611864
L-Serine	0.11383547	0.558288312	-1.098846162	0.00027641	-1.044380244	0.003705744	-0.724570504	0.009795795	-0.338434435	0.017237818
D-Threitol	-0.286961634	0.027033031	-0.580372066	0.036270613	0.008079366	0.960442477	-1.095821757	0.139366605	0.522600643	0.330048759
Glycerol	-0.79796707	0.252463658	-0.172163685	0.537184969	0.002596749	0.979636116	0.334782097	0.434239463	-0.598469753	0.020052944
Galactonic acid	-0.015849308	0.964607549	-0.712332502	0.012428863	-0.835054172	0.060326314	-0.124479826	0.621258766	0.295621553	0.935065673
Turanose	-0.302383227	0.633043483	0.2741651	0.827295561	-1.231227323	0.005584105	-1.655900582	0.000796293	0.60872277	0.204013988
Pyroglutamic acid	-0.435860974	0.000256293	-0.874702209	2.86E-06	-1.20968268	0.000497152	-1.706583372	0.00010313	-0.14488912	0.027779315
Azelaic acid	-1.212669988	0.002445512	-0.944594976	0.010001756	-0.438136788	0.135703535	-0.279368938	0.249928699	-0.092592351	0.096790019
Oleic acid	-1.243932999	0.015362173	-0.660580236	0.13181321	-0.66492692	0.022309538	0.091761393	0.761462076	-0.266176664	0.073249742
N-acetyl-Lysine	-1.974268176	0.051538298	-2.961909501	0.015268045	-1.755197998	0.21735687	-3.425686072	0.135837534	-2.323272062	0.05446876
Nicotinamide	0.6721665	0.087456936	-0.185191225	0.425427604	-0.306304196	0.188891956	0.212368782	0.353630361	0.093281265	0.572245299
Adenosine monophosphate	0.740533832	0.076796415	-0.729019905	0.049522717	-0.71597237	0.105521452	-1.209307111	0.043238001	1.183847543	0.177549536
L-Ascorbic acid	-0.845059152	0.040810596	0.035975121	0.955094362	-0.492971834	0.439452211	-3.050410277	0.003558042	-0.420750963	0.513227398
Glutathione	-0.424683501	0.398382319	-1.24619141	0.089981398	-1.228321706	0.096097129	-3.179016099	0.14935142	1.41168773	0.283172607
3-Phosphoglyceric acid	-0.949858399	9.73E-05	-2.082999735	0.014752738	-0.826134609	0.112216742	-1.961764564	0.040590247	-0.897690225	0.050718066
Trehalose	-1.256471882	0.262059274	-2.755288699	0.019395215	-0.335828347	0.356748018	-1.319285356	0.090529399	0.518846359	0.435353068
Inosine 5'-monophosphate	0.495605757	0.317099089	-1.734904284	0.012138358	-0.520485685	0.461026048	-1.861012994	0.028035816	-0.638425233	0.236212216
L-Leucine	-0.20538274	0.330718534	-0.486386931	0.031845907	-0.075782914	0.823683477	1.02960013	0.026344562	1.114979098	0.0209045
Ribonic acid-gamma-lactone	0.000881339	0.997323013	-1.266441694	0.001004108	-0.863736553	0.039074199	-1.076703593	0.001834388	0.729016033	0.20051746
D-Glucose	-1.074782503	0.029449623	-0.221627526	0.735893972	-0.626929651	0.341306091	-1.89129466	0.038095877	0.417676109	0.781949266
Palmitic acid	-1.321501591	0.017467108	-0.863620806	0.020404968	-1.087966067	0.014405784	-0.898063899	0.027271679	0.374044325	0.686715325
Ethanolamine	-1.258506284	0.016602212	-0.411972401	0.103129777	-0.230199501	0.454274923	0.305779328	0.610203096	-0.458439779	0.195404097
Stearic acid	-1.034090397	0.066324778	-0.462876159	0.31894874	-1.484644889	0.008088972	-1.777188598	0.004285701	0.468936165	0.532072207
Linoleic acid	-1.035679415	0.009453504	-0.845188825	0.072484582	0.393423328	0.277385197	0.476034074	0.290261018	-0.12636305	0.251271388
Ethanolamine	-0.50882027	0.099428964	-0.068436433	0.616796329	-0.175426788	0.420803248	0.269728654	0.475021446	-0.313954706	0.172036869
L-Methionine	0.936725272	0.008039313	0.020833225	0.920697762	0.242470772	0.148198121	0.561773629	0.017822101	-0.348444678	0.006616836
"fructose-1,6-diphosphate"	0.971414674	0.052648507	-1.2749465	0.017355439	-0.424436669	0.511193499	-4.154918741	0.019903605	0.558157492	0.768773769
Glucose 6-phosphate	0.139473463	0.624137793	-1.357908427	0.022321679	-0.392847218	0.361149435	-2.449299045	0.0025039	-0.739370225	0.007400743
L-Phenylalanine	-0.036993042	0.827203041	-1.438293457	0.001517596	-0.683549618	0.001639929	0.217248203	0.157529983	0.209491597	0.758496991
Palmitoleic acid	-1.019939192	0.023586093	-0.655944447	0.145991385	-0.56541165	0.033945879	0.184422438	0.582384714	0.066504003	0.507465996
cis-Aconitic acid	-0.478272803	0.568857096	1.015313373	0.199102821	2.491598789	0.040774414	1.693352074	0.184837567	-0.281919883	0.555417265
Elaidic acid	-1.012002147	0.103584681	-0.425395522	0.22036175	-1.051915004	0.008409059	-0.104849294	0.783213327	-0.431993084	0.087366911
Phosphatidyl Glycerol	-0.145883617	0.660165733	-1.227691926	0.203991344	-0.079076396	0.898079366	-1.663313354	0.042119762	-0.631241656	0.268599558
Glycerol 3-phosphate	0.468972088	0.142537382	-1.092417613	0.000402124	-0.899610688	0.007707346	-1.083819007	0.00066634	0.499535973	0.275118816
Iminodiacetic acid	-1.040726716	0.009113955	-0.448562542	0.179077541	-0.284721964	0.328556521	0.501736904	0.235664856	-0.283418742	0.293898368
1-Octadecene	-0.870268755	0.04240972	-0.528756938	0.054620489	-0.559996687	0.046243867	-0.146898635	0.500907867	-0.578123637	0.008803854
2-Hydroxybutyric acid	-0.654346057	0.072760267	-0.465902416	0.060135739	-0.190166171	0.580824183	0.04305979	0.896180897	0.868810185	0.222681628
"1,6-anhydro-Glucose"	0.484694164	0.109854742	0.066226828	0.641719511	-0.199488859	0.413233498	-0.342668162	0.200587803	0.435412575	0.385273894
1-Palmitoylglycerol	-1.146198101	0.006000828	-0.393567726	0.027520109	-0.596932226	0.069716726	-0.023190278	0.93541863	-0.318779875	0.182979318
Sucrose	2.063428359	0.091160612	0.1004269	0.853331191	-0.436781747	0.365894784	-1.293654421	0.032850696	0.569558201	0.309650636
Myristic acid	-0.638244675	0.056251958	-0.895438381	0.00775577	-1.396386323	7.66E-05	-1.351017658	4.80E-05	-0.527167804	0.091902411
Homoserine	-0.276545517	0.270112033	-1.499355614	0.001911621	-0.519408896	0.248891039	-1.722704316	0.024715259	0.93899597	0.279256069
Heptadecanoic acid	-2.857664493	0.166442702	0	1	0	1	-2.779894596	0.17140773	4.027386981	0.123512066
Isocitric acid	0.665179622	0.222288443	-0.59393333	0.078436692	-0.912870783	0.002844563	0.102044471	0.742173227	0.673948902	0.315001619
Sophorose	0.428751794	0.440125617	-3.696161436	0.114156019	-4.372500506	0.102475437	-3.035005946	0.082557013	2.355659024	0.12059682
Eicosane	-1.206221448	0.00841083	-0.458419382	0.141479391	-1.107817307	0.048512614	0.478704488	0.32240981	0.013349466	0.604510965
Nonanoic acid	-0.812263558	0.019447408	-0.250980605	0.097076685	-0.332494247	0.238568525	0.11777667	0.68730359	-0.214955072	0.344050795
Ribitol	0.384205257	0.049858504	-1.37193445	0.002943874	-0.359238062	0.173107907	-0.680318528	0.069822323	0.454123374	0.42488901
L-Proline	0.136972158	0.359192352	-0.083284318	0.669733076	-0.456622328	0.222668156	-1.164944603	0.014295855	-0.46169524	0.079852022
Glutamine	-0.992215773	0.106246236	-2.86568426	0.007506091	-3.762961747	0.029481512	-2.394876381	0.107080887	-0.978931241	0.110518969
Ergosterol	-0.440285335	0.51273574	-0.991959188	0.125924179	-0.179901854	0.715184863	1.081983039	0.060668305	0.153195602	0.868605748
Glyoxylic acid	-0.743148859	0.060046002	-0.316259839	0.170915126	-0.106483698	0.646366238	0.210724886	0.461419482	0.365520976	0.81272885
Pyruvic acid	-1.061947637	0.0003495	-2.021445648	0.005195064	-0.757771839	0.000828381	1.076866616	0.253690116	-0.122918389	0.018121394
2-Ketoisocaproic acid	-1.200955466	0.037695639	-0.289536935	0.289924817	-0.122454182	0.659874069	-0.666377428	0.037196293	0.450852869	0.616384977
D-Ribose-5-phosphate	0.043555447	0.902246407	-1.226364307	2.43E-05	-0.263089084	0.284413397	-0.495680618	0.093679984	0.130580366	0.69662722
Guanine	0.220017983	0.455883434	-1.786451885	0.143431453	-1.125247484	0.02378416	-0.851382551	0.331289298	-1.025698997	0.036525218
Beta-Glycerophosphoric acid	-0.468879591	0.34429921	-0.492674049	0.473007579	0	0.209662115	1.208900492	0.523411069	-1.045355098	0.256201914
Nitrous Oxide	-1.196715637	0.031168307	-0.123848224	0.701208421	-0.05354478	0.834753498	0.38690642	0.375985952	-0.116851798	0.465215046
Cellobiose	-0.973622921	0.132756524	-1.913044553	0.232210403	-0.238935402	0.686379536	-1.187006551	0.11309492	1.069484987	0.518850313
Capric acid	1.186004963	0.067916804	-0.195832868	0.440992596	-0.114838154	0.613855308	0.420963974	0.132119361	0.149140555	0.746092899
Benzoic acid	-0.552175461	0.130191844	-0.24954848	0.196572261	-0.107152744	0.624053335	0.186565415	0.549017062	0.027438949	0.548071216
D-Mannose	0.553918597	0.018076637	0.25292512	0.332847116	0.0958359	0.776319588	-1.191436164	0.035269129	-0.023157038	0.495460939
Heptanoic acid	-1.115278059	0.007399946	-0.430369447	0.053113744	-0.168548646	0.544762535	0.446976082	0.217576063	0.115597802	0.800157975
L-Lactic acid	-0.161668563	0.608159131	-0.211272123	0.310821254	0.420962143	0.028591217	1.737496588	0.000268175	0.836659329	0.136236448
Sedoheptulose 7-phosphate	0.594490127	0.095471255	-0.903096814	0.000311419	-0.237948533	0.323785205	-1.348908934	0.00578254	-0.056669866	0.207312538
L-Threonine	0.311621273	0.02108423	-1.45678342	1.06E-05	-1.450138774	0.021171601	0.031423096	0.885432969	0.389901996	0.443495657
Adenosine	-0.269792768	0.338813084	-1.758055759	0.2556483	-0.413932985	0.043395244	-0.633841678	0.488116457	-0.292405353	0.150649792
1-Steroylglycerol	-0.550269517	0.063021881	-0.485030316	0.00093203	-0.487046747	0.066880101	-0.234915381	0.36975031	-0.018863329	0.357174362
Phosphate	-0.351314143	0.112054308	-0.340845483	0.150910908	-0.073884438	0.798588243	-0.426355863	0.103942694	0.549295365	0.394458891
Arachidic acid	-0.714078726	0.119574518	-1.032500811	0.006861737	-1.373707966	0.002509089	-0.615339345	0.076099259	0.167262373	0.674070625
Allantoin	-0.339584205	0.646957856	0.277327051	0.629627402	0.641476802	0.408308431	0.093801753	0.910961444	-0.909258079	0.140437271
Unknown acid	-0.390714335	0.17996415	0.150594607	0.542647273	-0.47070281	0.17035804	-0.594061819	0.398774972	-0.487566369	0.089356515
Uracil	1.525977962	0.001039188	0.603282936	0.009042411	-0.004090077	0.950375046	0.9867157	1.59E-05	-0.399527357	0.077238736
Cystathionine	0.502093387	0.524456458	-0.167150671	0.814807135	-0.697737468	0.150661811	-2.1830284	0.005125183	-0.644220979	0.370310053
4-Hydroxyproline	-0.88103544	0.020430256	-0.715893624	0.002098852	-0.122842268	0.669627182	0.054877362	0.851798178	0.079981081	0.591182199
1-Monomyristin	-0.111529771	0.588935756	-0.283901556	0.099209641	-0.501002808	0.081111977	0.006451317	0.976542019	0.090839438	0.564749324
Fructose-6-phosphate	0.66386109	0.173319439	-1.548702407	0.004734497	-0.30859415	0.486089568	-2.92312207	0.00234969	-0.488382891	0.052935882
Pyrophosphate	-0.905115033	0.115147462	-1.710890264	0.106839407	-0.95212732	0.159666944	-3.074014592	0.088292467	-0.550447621	0.482957626
N-acetyl-L-aspartic acid 1	-1.857181206	0.032667706	-3.412005392	0.00955349	1.088657105	0.253061212	-1.935412043	0.031905276	-0.051296097	0.680339743
D-Fructose	0.107769833	0.580856282	0.014987764	0.947126099	-0.174927952	0.737130479	-2.822727698	0.007276355	-0.266074986	0.186599398
Beta-Hydroxyisovaleric acid	-0.047888007	0.910597541	-0.102403222	0.708235784	-0.406269133	0.094226911	-0.863743925	0.036426935	0.17521294	0.882993853
Myoinositol	-0.124693559	0.42667623	-0.975687492	7.40E-05	-0.923515899	0.004514966	-0.268521959	0.121136803	0.069510839	0.163582856
2-Steroylglycerol	-0.67611841	0.201835675	0.686050628	0.420802552	-0.484595647	0.637323459	2.295606219	0.152388351	-0.072218062	0.644557125
Succinic acid	0.331992799	0.043741265	-0.034781286	0.806682088	-0.258614896	0.13165869	-0.032228122	0.86799018	-0.007792483	0.227140691
2-Monopalmitoylglycerol	1.238851654	0.155410975	-1.208296717	0.304315641	2.572768073	0.053368606	0.066836358	0.919501467	0.301613903	0.948496976
Lauric Acid	0.240579233	0.465995578	-0.235100316	0.349328986	-0.655880334	0.032407794	0.116370575	0.564197288	0.158413751	0.730356609
L-Sorbose	0.438673473	0.046185059	0.053241867	0.794034232	0.098255587	0.603998875	-0.378358152	0.180876817	-0.821209193	0.066088065
Inositol phosphate	-0.728435911	0.054151016	-1.063948544	0.007207203	-1.227482995	0.000965791	-0.245607442	0.417047026	0.116377594	0.406449033
Inosine	0.300808129	0.378470182	0.213165105	0.497931575	-0.837098002	0.030553098	-0.891135193	0.097390365	-0.103323504	0.261715182
Adipic acid	-0.242082117	0.291977169	-0.477700558	0.244826612	-0.323237001	0.270092527	0.106936824	0.634921197	0.217104541	0.905069626
Beta-Alanine	-0.022660551	0.889795271	-0.583721165	0.01423985	-0.547399274	0.054560447	-0.481906458	0.074747097	0.082122061	0.102638373
Arachidonic Acid	-0.051467242	0.947012026	-0.976080985	0.277954996	0.043141834	0.925957855	-1.307291929	0.16767273	-1.807201982	0.217589393